377.863
-36.09
70.7267
143.79
-340.877
-57.4567
369.917
93.9467
469.993
-33.6467
83.1333
-236.86
-57.4667
-301.323
335.34
139.443
-111.95
-344.57
449.013
-221.6
22.0133
304.35
-331.697
-56.0433
-4.56332
249.537
152.92
-12.94
-362.34
54.9167
-8.41998
-325.863
-186.567
18.9967
155.16
163.64
-365.21
202.777
-168.603
245.1
185.297
-238.953
-89.9333
510.513
339.253
55.8433
201.71
166.747
185.627
-244.797
110.39
-185.517
369.653
49.3933
30.2233
-292.2
-353.93
322.99
188.72
266.603
473.813
121.52
432.017
-291.817
42.8967
93.9467
-139.69
-60.9333
-280.423
-54.89
244.78
-45.9233
32.3967
170.023
-426.353
117.07
423.64
-184.683
-243.73
65.51
51.7967
425.35
-131.267
288.043
191.64
-101.3
280.957
-162.32
148.763
-152.297
80.0267
-315.503
14.66
-190.1
-413.72
128.393
-5.26666
265.793
534.62
574.477
132.167
45.25
-447.92
31.7567
-118.257
137.07
162.92
83.1667
264.13
-406.527
286.04
-158.897
189.993
459.483
7.56
-509.097
-156.79
-9.25667
28.13
79.5367
-18.56
197.793
-149.02
-122.393
-5.56
91.3267
516.29
202.78
508.783
10.7833
-23.2633
498.243
53.5767
122.83
555.837
142.143
95.42
189.703
309.387
-329.933
420.743
388.927
-471.747
99.6033
156.643
-201.95
-8.81001
575.507
61.8167
-27.6
244.773
-93.8167
407.23
-37.98
17.1733
25.2633
454.253
-302.023
-324.177
-90.5867
404.247
388.953
-355.667
377.87
357.81
179.75
-3.46667
-105.4
-2.20001
36.3533
-536.3
487.35
306.603
305.727
-137.86
81.7067
109.01
402.24
-333.76
-23.1567
110.433
-17.8
210.89
374.3
-96.0233
186.807
384.28
16.76
179.223
-289.597
-419.26
482.383
-134.29
-215.643
-260.953
280.167
116.71
491.03
21.3467
154.66
-49.13
423.027
-138.217
-60.61
-173.653
342.543
226.423
393.563
40.44
-190.45
244.633
301.2
180.383
103.923
134.92
-135.563
171.773
334.763
375.653
-531.703
-243.38
-46.9867
180.033
-66.3233
-321.6
567.693
-138.307
-219.633
95.0267
75.5167
-116.99
-14.4433
480.52
75.0567
-356.377
181.923
-296.167
-85.8167
-57.9567
385.093
-328.707
-128.08
262.303
-268.803
-28.44
39.1367
-47.81
307.063
-202.307
360.023
-203.047
125.983
-280.81
-241.303
-161.087
152.747
463.773
358.417
213.907
37.4933
129.143
191.273
417.967
-293.347
91.92
-261.547
499.033
-179.19
-156.337
-89.9667
-195.48
7.03333
196.413
-16.2967
-161.07
217.783
-215.54
417.817
417.277
301.24
481.79
-165.553
365.317
513.79
108.053
153.39
-182.87
353.077
57.99
325.82
396.507
-465.433
-108.4
512.52
223.587
19.6
-33.7033
-113.787
-87.4567
-80.4767
205.13
400.3
-100.597
356.983
25.4367
140.01
-195.873
52.7433
-134.853
-259.97
264.05
29.7567
-390.353
-195.587
-298.177
-134.35
363.653
470.02
118.33
567.263
-262.167
601.517
64.9967
85.9734
201.807
549.657
354.763
151.49
465.697
172.077
-316.75
176.197
255.93
-128.673
148.393
293.4
-83.7033
499.717
386.823
-123.637
514.17
-53.5433
356.29
-269.93
82.8466
497.107
-39.4767
419.203
308.693
532.993
-400.777
118.013
288.62
-48.2234
21.6866
502.36
-359.97
523.06
-154.223
148.6
-396.263
304.417
244.84
-202.563
501.487
140.983
90.8933
-396.843
-82.9667
-252.747
13.6833
492.643
229.88
-25.9833
520.137
-305.767
-166.897
-99.4033
73.2533
97.61
-507.14
221.333
-425.81
130.213
584.143
146.667
-187.15
-241.733
227.197
-56.8933
297.677
-215.81
254.673
46.2233
338.007
-98.67
-245.867
-195.103
-242.113
203.06
239.45
335.31
115.107
138.827
-141.007
125.077
-128.233
159.707
-94.9067
98.9567
-318.173
-62.8967
251.073
14.8433
101.437
35.74
208.19
170.897
350.027
-168.1
-221.07
-314.43
-347.57
-130.873
432.16
307.36
-149.693
-414.74
-170
25.4633
-109.777
132.38
-160.703
-34.83
210.03
165.103
412.033
-226.55
-15.1167
107.787
305.89
172.47
121.09
263.817
57.6767
-207.417
-16.8667
304.173
-108.553
-171.55
-22
-520.65
-120.713
-193.053
166.47
67.4067
-47.89
195.433
-74.5433
-141.937
87.59
-55.5
-136.5
543.273
-88.5267
-221.123
-18.76
556.34
223.6
422.94
-24.2967
-114.827
4.86667
-88.5367
-59.4467
-179.833
264.547
580.453
478.977
258.15
-236.203
507.02
154.44
132.703
-345.333
-18.47
-327.477
97.6267
-113.533
74.2367
-204.35
-73.5933
-59.9767
69.08
-236.74
239.637
176.28
426.83
258.357
-286.43
-351.2
-190.983
325.717
220.793
319.763
253.077
365.85
133.853
202.937
-36.2833
-45.79
-69.66
-99.4567
372.193
-229.74
-107.363
-75.5733
-280.353
427.05
60.7467
160.443
-402.547
58.4167
-402.423
-52.68
-240.583
275.78
-281.697
80.9533
101.9
-40.4333
133.877
189.77
-18.3867
151.033
-286.293
-326.133
-323.097
55.72
274.937
-195.28
60.5767
105.473
-155.113
-5.25668
47.08
392.38
300.537
-294.187
-212.14
-283.37
-324.693
426
-215.767
55.25
481.23
68.7133
68.7367
175.92
186.1
328.87
109.9
23.7833
-0.123337
235.61
-231.57
260.897
294.36
367.963
321.623
126.557
241.907
-288.127
313.187
-46.6267
-74.8133
12.45
209.493
365.523
112.383
36.64
-194.22
-202.273
-193.143
62.1433
288.317
-380.963
527.853
318.053
138.803
259.187
-263.087
476.53
-264.05
570.673
170.23
196.117
17.91
-10.1333
-93.54
-157.757
120.643
-107.493
-239.78
-143.693
436.71
102.263
149.303
192.817
171.807
492.077
-4.26333
480.23
-115.47
-295.44
64.7467
-77.5267
162.717
-161.1
145.557
108.477
39.8
501.897
123.647
135.007
-260.267
26.9
29.07
-228.853
322.393
256.377
480.417
397.547
11.1533
-185.45
-188.557
-321.5
419.447
9.62
440.613
65.0134
65.6267
-227.89
-419.523
-437.76
299.137
-54.0867
113.03
150.51
-64.99
110.857
-202.943
546.137
114.98
-266.527
-450.55
-156.197
61.7267
-177.137
-220.34
-301.787
219.53
176.537
-40.07
566.333
-325.76
-28.5767
230.223
-234.293
85.79
-266.3
121.817
-350.267
404.967
209.5
80.2433
13.5467
-40.7667
-443.94
-329.733
289.117
-249.547
322.533
-109.54
-48.15
216.08
-103.63
313.417
-21.3833
260.137
132.86
7.60335
-213.637
-42.9433
231.91
384.683
246.42
47.0367
59.5733
141.237
104.503
516.31
-66.49
-119.12
442.233
119.867
-287.953
-185.84
250.593
232.073
136.053
148.1
263.357
27.4333
-239.317
123.9
-22.1
358.67
-180.047
-36.7767
-13.28
166.177
-15.6833
260.9
226.94
164.947
-24.51
135.277
-172.883
264.52
157.663
34.5266
-28.54
-212.23
11.8733
23.5467
60.2133
379.663
174.403
-4.08001
-54.1367
27.2933
283.207
500.54
53.0367
-181.057
-485.587
250.107
37.4067
285.257
135.96
251.903
-83.9233
-115.81
206.853
32.83
-372.45
-1.42667
-1.94666
159.093
-247.59
62.3267
617.537
-419.06
117.757
182.23
-464.397
145.513
545.05
5.24333
50.5067
255.373
137.273
275.277
-258.233
-154.513
457.037
89.4667
181.303
294.947
-401.877
-97.8134
-216.943
-71.37
-21.44
-536.12
374.017
72.85
-72.85
87.9333
-147.333
584.357
520.843
323.037
-338.94
-74.1733
-180.033
322.59
310.473
6.38667
169.86
-271.037
142.74
58.54
278.89
431.79
58.1534
-350.833
253.613
1.25668
338.133
448.02
366.89
262.687
-61
200.247
-214.77
101.833
-432.133
-234.93
388.703
25.3433
20.7833
-44.4833
-482.007
236.2
-393.94
193.913
-279.993
197.153
46.3867
294.133
211.387
10.1467
106.53
18.3333
-339.05
116.46
-224.877
121.693
-85.9767
409.517
36.3734
-29.4467
-45.37
71.6133
88.6467
-293.243
531.003
646.267
311.057
-31.83
548.193
113.117
-272.187
-288.53
191.597
29.0133
312.827
219.833
-250.193
176.443
-106.147
222.23
362.667
-275.667
88.9033
365.347
249.747
95.7967
-107.023
-219.78
-254.307
-178.823
255.843
-73.9333
177.407
-163.943
317.523
-345.017
79.31
-109.227
-62.0167
-43.0033
-440.69
-274.92
-217.073
35.06
-72.8167
92.5367
-51.39
329.81
5.20667
139.533
-34.2767
478.657
43.6433
-450.737
-254.71
511.027
24.82
-119.823
155.91
36.34
329.07
-143.957
392.597
12.64
-261.613
8.48001
1.20333
-4.35333
171.197
288.053
315.953
44.1
125.663
365.043
613.003
71.48
-121.277
107.797
-424.81
358.473
308.853
-89.1833
429.483
-269.297
-69.63
108.067
-121.927
-78.6333
-249.067
-200.76
-292.573
499.493
114.73
113.317
334.19
92.2433
-92.4533
-214.69
-10.1767
78.72
-19.1833
-23.6367
-128.347
268.95
-19.0233
423.847
187.343
3.51999
380.903
465.873
308.9
85.8933
101.23
133.957
-22
-241.347
-229.523
112.457
33.4533
-26.1033
-189.39
455.617
148.553
-367.883
338.533
465.157
22.8467
-27.7033
43.39
383.56
95.84
-145.077
47.7267
-230.06
144.673
70.28
299.683
-14.7033
25.0567
68.6367
75.4667
-353.697
262.42
2.09666
78.8333
-22.0167
-19.7267
431.327
130.767
294.793
-78.45
-411.51
422.517
322.107
-32.5633
101.993
106.343
-35.4233
547.613
60.83
105.19
344.26
-32.0667
-124.273
92.21
100.857
-1.39667
142.883
-92.2233
-156.773
-47.7067
558.883
61.7
-212.21
552.087
433.29
119.05
-131.897
-106.24
33.7166
-114.907
22.0967
-256.073
-75.83
112.31
110.53
218.99
371.617
-110.53
13.0167
-6.17667
56.0333
106.773
229.117
-362.983
-17.38
107.67
-182.727
-228.423
143.95
-238.76
-355.417
-259.427
510.227
73.56
-84
492.05
12.6266
263
393.297
-223.263
182.233
37.19
-82.4533
-352.393
10.09
409.37
41.3
46.6833
50.35
213.78
-8.90335
105.907
-180.14
7.43333
-219.38
280.907
-255.97
251.35
-321.113
184.003
-105.523
215.253
73.92
-347.063
105.457
8.89333
-14.91
-2.80667
267.77
-158.1
121.92
178.923
-291.96
443.853
112.737
489.51
-86.99
-269.87
280.21
286.973
3.72667
130.54
-10.46
170.667
361.163
476.36
-330.243
292.15
93.72
79.7
172.313
-282.8
362.41
259.667
122.827
116.267
346.633
366.247
113.047
-416.843
-168.09
98.4
189.083
-479.817
336.81
-403.323
-79.87
13.6767
-245.703
150.127
392.2
301.82
-49.64
-380.493
-174.07
184.943
231.2
-384.01
185.113
193.167
-55.23
405.337
-454.983
293.067
276.443
249.697
38.9867
301.333
-440.303
278.843
35.5167
-289.08
341.973
-291.627
473.86
207.143
244.31
-26.1
563.6
387.75
146.89
-351.177
-3.04666
272.307
-8.89999
244.197
-190.62
-127.567
548.043
389.27
140.77
14.89
340.133
20.12
249.707
392.883
-160.08
485.95
-93.7667
525.81
385.093
245.227
198.173
-196.14
321.887
23.7
-400.85
-214.183
-45.3167
-42.1833
-282.843
448.033
10.67
192.57
-248.27
106.523
499.977
127.49
303.63
-114.65
-246.29
461.717
-65.3533
61.3533
83.6666
392.013
533.8
190.963
293.743
12.8867
-27.7467
-39.57
165.75
54.02
-427.877
213.783
-339.087
266.35
-152.983
-320.247
-62.5067
-376.213
352.337
-150.047
176.973
416.243
-68.4833
94.7767
485.61
177.567
-239.057
165.827
167.823
393.327
19.17
145.023
218.34
312.93
-208.307
-83.8233
530.573
-322.79
-225.23
233.59
231.4
203.743
-195.52
-182.12
487.497
-68.6533
-50.4167
493.35
280.013
-242.983
143.187
-494.877
2.64001
429.233
101.31
-73.2933
-442.613
264.897
401.89
-53.9067
341.58
143.353
355.317
460.67
203.39
49.3033
421.453
398.193
43.69
-165.847
-1.67001
406.833
327.92
483.023
-24.42
169.447
-367.41
206.797
332.057
482.603
250.277
-113.263
-341.78
161.24
-445.593
67.9833
426.907
1.88667
-217.723
314.617
23.41
-285.547
82.3633
271.817
194.073
-162.283
-10.4833
-296.27
69.7967
9.06668
237.91
128.913
399.117
-294.453
37.41
79.68
-233.49
145.71
-120.077
-176.92
272.697
251.903
-173.707
142.847
175.927
108.473
264.433
97.24
-182.06
228.313
-322.563
88.0067
299.943
13.8733
344.41
-354.317
479.423
109.39
128.187
-20.4133
-66.67
124.567
-158.017
-284.773
-195.14
249.643
307.287
202.25
223.633
98.4567
463.51
-31.6933
196.713
23.3
133.003
600.657
-138.093
-233.163
342.567
244.167
-249.127
241.03
-0.886658
56.34
229.887
240.393
388.93
26.43
25.5
105.057
-194.447
433.373
61.72
-118.63
260.723
-14.07
265.48
62.98
64.2833
475.457
-282.67
-2.8
-92.7967
137.48
37.7233
-363.39
493.06
297.817
-5.40667
375.623
-89.75
290.523
-318.473
-270.4
465.92
90.0667
176.957
172.357
-31.2967
171.833
-114.523
19.5467
-208.5
20.8033
-96.05
-0.116669
-214.063
94.7333
62.5967
-45.2533
-399.577
251.02
-159.9
412.143
-152.033
98.76
330.16
515.373
-262.41
511.127
50.2933
-157.363
-310.42
400.363
-115.127
404.35
86.5
-104.09
450.327
407.293
92.57
95.78
511.833
-225.433
-72.4633
-63.26
55.8567
53.6533
259.347
-313.16
-501.533
-85.0833
-191.483
-81.7433
382.273
2.09668
120.41
111.72
243.057
-340.5
138.413
169.013
-112.42
171.753
348.113
246.223
-74.0767
97.9933
327.07
-0.263336
212.163
177.433
76.3667
303.62
8.72998
110.967
-436.363
10.7467
-33.6
-219.913
82.0033
-336.393
459.203
206.53
-330.08
30.3333
-231.227
429.51
-41.4533
490.617
310.85
130.983
-128.717
111.37
293.427
363.04
204.977
-335.527
516.553
-134.5
196.31
-328.733
317.777
80.36
55.1333
-283.03
-79.14
-141.757
-147.983
127.003
231.44
500.32
440.307
325.633
188.703
-163.477
77.3967
212.003
192.897
-83.6767
179.99
184.34
-297.43
240.417
115.757
-296.467
-75.1233
17.39
-72.33
-33.9533
-525.813
51.81
-41.0333
-126.703
584.767
3.57666
109.3
42.71
318.427
-242.717
142.643
442.717
-355.48
-14.3233
-264.73
-484.107
-82.2433
50.9733
121.523
-75.8466
79.6033
124.99
127.907
380.977
-391.99
-8.59
-406.283
-214.607
224.317
537.86
238.387
-214.173
569.023
401.12
-65.6567
-124.4
120.703
435.453
-172.23
93.2333
343.19
-270.207
-159.89
-31.7833
112.277
-224.217
354.77
-62.0633
-51.38
-252.393
-69.4666
102.283
420.7
-285.7
-362.983
-189.033
-148.437
97.58
30.85
486.853
394.91
323.847
56.9433
-111.373
-238.363
56.93
278.017
94.7667
-273.717
62.0567
274.01
373.887
502.227
-138.677
42.0166
62.24
319.023
44.9167
153.683
-455.983
-126.403
63.2367
-203.557
-120.413
-249.667
-199.353
-420.413
-337.64
-233.827
-92.7867
-397.07
135.647
568.32
232.27
105.53
1.56
-379.247
74.16
107.833
-199.373
475.193
136.27
163.113
352.427
46.5767
-254.123
43.7166
-374.073
-122.437
257.45
209.203
-273.05
322.677
4.82001
65.9366
-136.113
152.6
-192.647
445.68
-23.6867
-277.637
243.1
35.5867
63.1333
166.16
-135.977
-259.073
-93.5967
366.75
33.1633
234.657
611.277
218.953
327.253
-315.283
643.483
138.64
-94.0533
-149.45
564.11
-124.69
-395.417
233.063
186.613
-204.103
-492.287
266.48
389.883
-384.49
195.45
158.457
84.08
254.567
-201.82
159.99
-201.497
412.363
622.163
-205.523
-232.807
308.53
442.773
-332.84
-60.3933
-77.9733
140.287
66.1801
-49.8367
-79.8233
-173.687
614.727
30.2667
361.917
608.983
210.133
131.287
-312.13
-18.1633
89.4
99.2833
223.137
169.843
409.477
-82.4667
94.91
-58.62
391.087
127.037
73.1867
-295.39
278.357
-88.14
212.6
-208.937
-19.2034
59.1266
-161.043
9.02
295.61
88.5967
7.56
247.887
484.727
38.4933
131
495.877
-366.25
243.89
27.77
161.06
372.863
91.3767
-145.69
-245.34
323.397
227.877
-440.623
-415.92
-439.99
468.663
481.803
-284.14
167.093
-41.68
353.947
334.497
74.9767
130.373
-267.29
-124.303
289.593
-128.847
88.63
0.119995
-42.5767
-73.1633
-112.37
40.25
454.86
-267.293
-83.5667
253.803
152.8
209.4
156.19
11.6233
-265.08
-363.7
-107.697
-123.2
47.75
-138.927
-250.907
256.857
128.187
-311.697
188.34
-94.2
214.43
133.093
-32.98
283.23
-199.07
-87.5333
233.59
260.777
-306.547
70.94
-373.087
181
-236.223
45.2567
147.633
-23
376.64
132.693
99.8567
309.513
-374.447
-13.73
208.177
277
467.04
236.407
-245.71
436.88
-317.723
30.46
-9.19666
106.023
172.437
-226.08
195.65
409.22
-161.6
117.137
130.333
-31.4267
189.727
-191.137
-55.3433
-163.687
57.5833
389.77
149.873
-133.287
-28.8933
469.027
21.6967
-146.797
-169.997
117.413
-105.517
296.803
-296.397
523.09
-80.86
-252.39
152.227
-107.257
-127.537
187.897
104.443
124.87
126.97
-295.683
264.033
444.457
-150.97
301.307
140.857
608.52
289.837
381.96
174.253
247.723
170.83
185.987
-116.393
-194.47
422.05
-131.687
128.287
16.3067
31.7933
49.0833
83.8766
250.317
265.95
247.41
294.127
313.017
-0.936646
-213.633
329.867
455.687
179.307
404.503
120.603
362.123
-267.03
-348.487
43.64
169.573
56.8033
-356.087
-338.263
28.8933
-142.563
160.26
242.38
-267.01
217.343
215.103
245.88
161.013
-210.863
28.9467
275.127
94.1033
216.43
335.73
338.57
308.453
-64.35
11.02
348.83
-18.43
61.0933
103.573
34.6133
-170.593
289.227
398.497
-533.423
396.82
-103.997
308.627
416.35
634.617
-105.7
52.52
-408.19
149.26
-92.12
153.1
72.0233
-8.00667
-299.07
-87.6167
310.033
239
-207.04
214.117
352.313
152.353
-42.8033
-158.537
-65.3867
265.987
-27.8533
-273.263
-404.973
61.6867
-432.707
-375.947
-1.26666
191.473
403.283
92.8133
129.207
-146.737
474.45
-365.697
572.343
-413.2
266.953
307.173
533.673
-449.593
246.977
194.497
57.36
268.793
274.03
138.837
456.78
-373.58
65.6033
-268.113
7.26996
87.2133
-160.65
35.4134
-134.71
-183.313
477.27
-183.23
-211.41
-180.107
-173.89
-64.6533
150.453
-103.15
-11.27
-66.76
417.69
-199.72
-171.227
-63.1967
318.63
-84.9233
104.793
-213.313
205.143
258.773
-284.023
311.417
63.3433
96.2567
-10.2433
81.84
12.3633
-192.78
408.71
97.9633
106.63
309.783
-132.88
352.147
-11.5867
-69.1167
-38.19
502.047
-81.1667
-244.663
377.833
65.5033
-88.5633
-22.4633
240.5
103.773
353.813
34.8933
409.557
-51.37
512.917
338.897
161.913
332.75
-51.21
142.13
496.15
-74.3967
323.85
388.853
-359.027
20.41
71.7967
-356.623
-8.42
114.293
57.33
26.2533
-286.783
-326.557
129.17
-216.17
32.6067
403.327
0.983337
562.497
-72.94
176.827
-126.88
333.377
275.687
137.893
-78.9067
-507.817
214.273
-250.91
-366.26
37.2633
439.8
-228.06
-49.5966
9.55334
-297.883
-364.303
-431.873
-311.793
210.863
-101.287
383.023
-228.213
222.3
81.43
329.41
173.747
347.573
172.113
-277.763
196.91
-119.723
16.25
458.867
-349.867
292.23
-133.45
46.0634
251.54
59.2967
18.13
-214.283
0.396667
-505.013
-34.1534
358.25
178.243
300.49
32.9267
205.26
403.507
-278.673
118.627
-230.667
-238.427
-263.473
43.4667
-96.32
78.7533
259.727
181.04
459.59
-129.17
-273.433
192.243
143.477
-171.367
338.197
339.68
-390.2
289.29
265.5
249.18
-183.89
-241.377
230.437
142.29
9.87665
273.93
-2.37332
-47.23
479.837
-53.7267
-369.153
-68.84
23.7933
207.443
53.25
-102.37
365.97
-200.52
-37.9
310.847
156.67
82.8233
-88.4
18.9633
-146.097
145.427
238.043
414.103
-99.04
390.707
-291.56
-66.11
-44.4267
-360.147
-301.047
-446.057
-283.803
-51.37
249.507
484.283
-292.343
-413.503
-208.863
-250.463
-158.96
-44.0867
75.26
-290.957
-210.317
127.99
248.507
278.447
88.5867
-33.8867
61.83
503.57
25.52
40.9933
416.91
-452.74
187.687
84.97
158.107
-70.7667
270.843
463.503
32.3734
348.067
-203.463
-217.16
163.76
368.21
99.09
430.33
108.543
-286.083
-172.85
-125.79
289.187
471.2
-420.38
272.643
1.34667
510.737
165.12
128.47
-141.657
-132.103
493.033
-443.547
262.35
-345.72
-207.407
48.1333
380.827
382.183
227.983
154.477
140.35
-79.5767
406.47
193.2
-442
38.1833
96.16
34.0033
325.593
-90.15
-121.77
119.517
253.217
-153.877
430.607
479.393
-422.527
69.2067
-195.527
-296.863
347.52
-225.53
381.1
426.01
199.507
-462.743
496
27.8167
-147.167
-253.31
-106.253
187.547
188.627
-237.09
8.43333
340.263
488.923
201.033
-275.337
-277.88
-88.31
-177.887
491.137
29.88
-92.17
-80.37
33.74
393.45
153.03
36.17
-100.537
280.96
8.91669
192.797
179.763
178.607
-493.297
-90.17
-127.127
481.627
-147.33
-519.517
44.88
-420.113
-257.75
220.467
177.943
94.48
261.967
525.86
375.78
546.2
-189.15
82.4267
-76.41
-128.227
-96.5167
210.633
285.337
-285.33
228.013
19.2533
196.01
558.24
325.857
-272.997
215.23
111.557
-189.427
-425.903
249.653
501.827
-252.643
331.31
92.7967
-84.5033
168.46
600.383
360.533
-72.84
496.937
-137.417
218.457
117.143
-70.58
-479.79
-126.097
403.133
289.88
-144.227
78.0033
-54.8467
541.697
-100.78
-269.92
378.177
-112.84
-451.907
322.147
156.793
498.67
445.187
293.66
218.337
160.023
152.383
268.093
-334.58
-60
-63.0833
384.02
-291.19
246.9
-153.613
97.7033
-295.117
-427.017
77.8667
238.183
-75.63
-139.38
230.857
106.527
238.587
30.9867
-60.8867
432.107
184.7
176.097
226.327
280.55
300.873
139.283
123.7
146.747
252.6
566.953
346.773
-127.007
304.427
-340.48
377.287
-196.783
347.55
-179.093
-126.64
-69.8933
415.577
-259.81
475.607
-125.083
-260.45
-133.077
254.013
-81.1233
130.97
90.46
19.6767
245.753
-288.18
327.617
311.193
471.257
-70.4067
413.723
-21.38
114.597
-248.527
-265.54
-140.003
448.81
303.557
-343.363
-27.3267
84.3633
-33.7167
128.873
-168.943
14.55
460.867
-154.153
252.843
-118.31
5.94
303.847
-337.313
100.65
-22.5133
312.457
403.967
9.22333
-487.31
77.4
-63.9167
128.207
231.06
-0.496658
559.72
-207.033
-117.43
87.91
204.387
96.22
-63.89
-12.0967
214.9
-310.09
237.753
387.657
207.797
267.617
400.713
-422.153
-450.263
99.9933
-266.15
19.62
-221.95
309.02
78.76
234.647
317.32
-40.04
-23.3733
308.027
-55.6967
287.523
-64.3467
31.7867
177.6
142.937
229.677
-152.537
325.423
-408.013
185.303
327.54
-298.667
-23.0733
267.88
-349.787
-310.337
332.827
-351.74
98.6633
90.2167
98.2533
172.81
210.83
-317.927
-71.8867
134.593
104.727
22.8467
-265.35
346.137
-446.337
-76.9867
73.9333
340.71
-265.727
37.34
-4.35999
-333.45
-309.117
-121.45
204.397
13.7133
185.947
579.16
172.487
-18.1967
628.707
75.6733
126.767
-35.0033
113.113
266.87
264.117
223.9
271.827
149.853
253.467
445.607
6.53668
56.58
226.12
464.347
553.707
169.41
-131.797
176.647
242.09
306.48
421.367
289.263
-414.067
212.27
307.19
-250.767
329.633
244.2
432.11
-94.6467
82.3533
-57.28
57.5267
-437.43
128.307
55.9633
-52.48
153.613
-348.437
154.187
232.297
602.38
187.777
26.2733
-239.7
119.883
94.7333
161.463
105.783
-23.79
123.54
-212.9
-294.89
-339.143
210.397
-219.43
-142.087
320.507
378.203
188.327
310.553
291.363
-478.18
-111.687
-67.48
202.433
487.497
143.79
409.92
-44.7
256.607
-76.07
504.817
359.403
186.097
-296.603
-5.40335
466.68
151.59
305.593
75.17
435.88
-141.573
-261.05
118.7
423.463
-324.78
41.1433
-257.477
89.34
-103.29
-445.027
181.827
-191.203
-143.08
-90.6933
50.5734
96.2533
-49.8667
506.723
-309.43
-104.55
-430.147
288.807
18.2267
71.8567
140.027
115.587
347.253
-17.41
-86.2333
-138.72
-6.64334
231.513
-18.83
165.677
-271.347
249.457
515.003
-115.153
-81.3967
93.6067
-402.973
600.603
-290.09
239.697
304.523
-270.62
219.047
-86.78
170.227
-462.777
143.16
-32.59
153.167
276.157
-478.03
-178.143
242.573
379.01
72.6833
-178.47
373.123
108.777
-195.797
59.6267
425.403
33.2333
-176.243
-75.9567
-251.61
223.277
507.52
5.85663
354.89
65.6767
251.817
34.5667
-191.6
546.823
299.967
49.51
-202.003
270.013
25.45
-108.477
144.86
60.33
257.003
73.8467
86.0766
-335.563
445.967
-227.933
-45.4133
198.34
-166.083
-202.413
305.563
546.723
327.383
177.947
346.94
-52.6733
-171.597
-9.91333
-176.157
97.3767
270.057
-226.07
-11.5767
-99.12
100.62
-27.1233
-58.7167
-322.337
-274.987
207.323
140.72
525.593
460.573
-73.06
-136.393
146.373
66.1034
332.82
305.263
99.48
-82.8233
141.913
210.68
16.7767
-93.1167
-60.4067
530.777
77.7833
-249.68
374.247
81.0933
385.357
29.3533
-125.617
116.047
82.0833
-80.0567
297.897
451.823
-297.433
-97.4367
-20.2433
245.067
-10.67
-264.8
173.223
-286.37
-205.88
208.26
-18.42
-149.813
-272.92
-165.997
314.577
19.8133
194.667
342.48
-60.4067
-223.797
51.6367
449.197
339.33
90.95
127.623
-150.893
42.5967
-373.427
377.267
329.867
-163.04
34.4833
-170.47
508.813
-33.2267
398.433
537.373
-77.3867
457.907
-170.8
126.787
126.783
-18.45
127.223
252.14
-34.7867
465.96
103.503
46.33
-135.387
307.923
453.953
125.14
189.607
104.003
510.667
-221.597
-115.163
258.357
194.44
127.85
-227.59
296.947
-257.543
34.87
238.383
216.397
158.953
-59.0233
-139.217
-65.2867
-197.403
-230.97
-104.71
-97.1567
216.73
278.787
200.107
-72.6833
-205.36
121.56
-511.057
27.6033
-362.653
499.857
-415.53
487.7
-132.39
-371.943
-199.513
337.503
-164.94
-177.813
-88.2067
-55.8833
28.2233
-196.613
243.483
-370.24
13.2567
176.673
408.377
214.97
373.093
239.997
-139.533
-192.903
-91.04
-223.47
154.877
-167.987
228.387
41.6567
-151.16
320.82
352.517
230.543
65.88
70.65
20.5333
21.53
-139.14
41.3533
-104.867
3.17667
500.76
485.33
197.417
422.103
-125.913
220.93
-43.5633
-328.817
-251.973
124.683
-68.5367
55.12
205.103
29.0467
141.127
-138.237
-171.987
275.893
-26.9167
356.417
321.6
170.613
109.593
64.8933
389.867
327.643
42.9633
156.88
-270.063
-158.897
-408.43
-42.3167
-400.957
186.81
156.37
174.363
-263.707
-201.263
-398.707
510.193
-169.37
182.893
-236.943
-358.777
74.39
-134.22
48.1266
394.717
146.467
-10.6267
163.857
577.91
120.683
-183.867
296.367
259.16
-414.41
-270.28
-63.2133
379.107
218.58
153.467
-165.763
-426.74
17.74
100.093
302.947
237.96
-273.847
158.83
35.19
-190.293
149.537
526.35
224.783
572.123
-348.847
307.357
457.943
-457.34
234.95
51.3333
133.597
-491.713
-65.93
-121.183
-375.54
-186.567
122.793
407.013
86.2533
432.387
-210.67
-297.983
-269.297
-6.41333
253.467
-197.84
-111.867
97.6933
-205.557
-343.79
106.337
310.843
143.467
-292.01
89.7767
107.127
374.347
-113.743
-40.6633
224.207
583.47
65.9867
143.653
264.133
285.903
-57.55
573.967
185.397
156.777
175.207
-52.87
115.583
-91.5867
-4.32333
-355.24
560.107
168.237
344.493
74.3867
-51.66
-53.5034
304.943
-190.153
221.76
507.267
-169.337
261.043
-70.82
133.017
466.377
35.6367
-157.977
316.703
-198.543
291.54
446.11
-101.863
191.57
108.847
265.97
-27.2267
-146.29
-205.597
265.157
239.827
-132.697
-114.493
-95.7367
-430.59
539.483
-433.427
257.737
23.75
-195.383
396.88
-10.11
242.693
-115.75
-269.827
355.96
256.853
-75.1867
-178.227
222.477
-75.3067
-45.74
-253.697
221.663
-158.967
-8.49335
163.023
-234.807
238.283
535.003
-370.003
243.007
-262.42
61.23
161.317
425.883
66.53
-199.75
510.153
19.1633
31.5933
60.1567
114.927
226.38
-64.5967
223.937
383.267
558.237
-54.34
-92.9533
-291.213
78.9167
-266.353
-35.1433
243.82
140.537
-398.87
291.38
-5.70999
86.2033
-181.38
-19.8433
384.233
-315.82
-77.42
65.6367
125.933
-445.08
156.31
-111.693
-137.647
-190.313
576.103
-27.37
105.957
614.02
-211.297
-51.2067
10.3467
-347.83
-16.9867
-289.893
-76.1033
473.14
-421.827
311.313
-248.32
260.987
248.703
456.523
-211.13
174.45
-72.5967
-390.657
311.447
135.053
513.367
-358.18
252.353
237.297
-190.103
216.733
-122.073
-285.163
-303.517
463.903
-71.8433
-420.52
-157.98
-39.8067
606.777
413.033
114.827
324.127
311.99
118.477
439.913
-221.307
5.79667
149.753
-40.4767
125.32
6.08666
340.8
194.537
460.397
232.72
247.63
409.41
353.32
194.317
12.21
-73.0833
34.8333
-192.153
-125.173
-144.263
-329.58
68.16
-245.37
189.457
-96.6733
-37.3633
209.323
360.113
390.74
-101.243
76.76
296.587
265.007
-261.69
-244.207
-86.8533
-26.1233
286.067
76.84
86.0267
-306.347
368.48
-288.51
-15.3533
322.96
206.33
-31.2733
260.15
175.69
159.203
265.907
294.537
-393.65
84.0966
112.31
324.343
24.2033
-36.0333
68.6833
573.977
353.933
167.52
372.043
-416.337
446.147
-79.49
-152.587
-76.2767
186.673
432.737
348.8
214.763
94.59
-317.08
127.683
-4.60333
568.183
51.3833
-60.21
70.81
434.677
182.983
-282.433
-237.833
-171.88
462.637
226.067
-205.373
77.2367
366.95
199.54
338.517
56.92
362.46
-336.883
-116.62
363.213
-60.0667
-172.6
78.54
238.27
-23.0233
-7.09668
-390.1
25.0567
34.87
-15.6667
160.22
304.137
202.413
577.593
-233
-321.197
-269.077
172.21
120.813
383.767
106.607
-166.753
-158.713
-237.693
545.467
-118.107
491.923
489.767
109.993
267.867
429.713
548.957
112.547
-300.583
300.977
-232.88
142.663
-24.6233
85.8233
522.9
-48.3267
-209.74
33.9067
548.167
-451.367
513.59
-297.787
-330.44
-89.1433
-196.14
10.42
-262.537
-388.21
-400.313
12.2333
-73.9033
146.42
88.76
70.1567
-251.957
401.94
-356.463
-253.39
-156.98
-174.15
-369.067
-86.2633
-4.64334
351.487
-212.193
562.407
-50.0467
90.5867
327.31
-9.58667
-30.69
-235.503
-364.65
284.56
-179.913
28.39
8.84
91.7534
340.237
-371.287
-191.097
346.95
268.483
618.993
537.043
20.6167
23.3233
318.587
-438.123
-529.063
88.87
160.36
-374.427
41.69
-93.9633
625.81
287.197
-95.0367
-109.823
180.52
247.413
239.907
240.31
-42.4266
-258.103
-426.23
34.9833
-119.357
162.707
206.253
-108.323
97.8033
34.4433
-152.75
-220.707
-355.937
342.923
-183.883
66.54
196.38
-116.847
-16.4667
-92.32
285.16
-258.403
116.763
284.44
387.32
-127.137
91.7
-93.1
-432.037
-104.437
-263.6
-79.0467
-272.933
65.4767
271.71
382.77
-25.2967
-304.36
-296.09
-140.253
31.13
13.6967
300.247
124.487
418.393
-12.1467
-141.99
103.17
317.147
-23.8667
-27.85
-58.6133
188.537
91.8167
-46.89
4.36334
204.517
57.1667
-12.0667
382.627
384.807
326.68
0.743332
28.6467
146.663
-107.097
-108.02
221.917
-329.21
495.433
392.3
237.853
-193.917
-242.907
52.3367
-361.45
76.72
-319.717
-271.677
194.903
-74.9867
-189.727
-291.603
340.373
-305.103
79.1534
293.38
397.257
154.45
-323.667
-394.197
-211.603
339.177
-80.3767
-449.96
-112.273
-276.757
422.45
-65.0633
167.053
-87.1
244.643
-235.46
90.9367
-363.777
-342.58
344.537
-121.82
68.22
-98.2967
265.26
21.08
394.077
-262.607
283.007
-328.713
-115.243
362.557
296.38
-209.22
-286.633
242.727
322.787
-400.997
252.23
384.72
342.067
-30.5367
513.557
-260.517
207.993
122.84
607.38
175.697
-371.797
67.7267
117.357
-165.643
178.66
-57.5533
39.84
-231.727
-41.3467
80.2433
-232.977
-273.047
219.967
-167.86
36.4267
-201.19
-59.88
171.707
-58.6967
-390.47
-142.663
142.283
-311.04
210.043
238.62
-74.09
-177.033
134.55
-82.3067
157.72
-141.66
-172.01
-120.603
325.467
-66.1433
462.157
140.267
77.3467
-88.4533
-347.72
-353.347
161.013
73.2533
349.213
63.88
154.13
28.9667
-297.78
-87.3833
-132.28
-122.363
272.143
133.007
380.853
16.62
-204.797
-4.10333
-208.567
-73.2867
348.32
-473.193
-369.783
521.24
324.76
-77.2933
-234.703
446.203
22.1233
-113.447
-71.86
94.8767
-128.66
-433.283
106.577
-98.39
-392.42
-22.87
132.28
-313.217
131.05
-26.5367
210.227
582.44
-462.38
-148.723
96.4733
144.867
31.2733
97.1467
-126.61
-231.437
-386.953
-10.4233
-298.923
44.8333
3.90667
-345.757
401.277
447.923
-109.96
3.11664
505.313
-36.2833
-294.53
557.03
-185.273
189.223
-70.8466
-41.8167
190.11
90.3933
-112.553
264.507
182.273
330.467
10.59
-47.2533
217.727
-197.47
225.543
-12.0967
96.9733
-233.133
-272.23
457.947
-161.947
192.32
207.083
226.217
-66.9833
-11.2033
-251.32
-71.3233
-402.703
-70.47
564.59
-94.0667
-325.17
-38.18
-27.2767
278.637
477.947
-28.0267
-315.003
-0.830017
350.687
-255.137
-18.8567
449.563
-238.14
193.063
-41.56
42.1167
223.413
176.127
-75.3533
138.587
-108.847
160.067
255.253
442.467
265.387
156.133
318.473
467.307
-37.7633
-87.6267
-128.17
199.22
130.82
265.803
-346.87
281.65
217.82
412.077
182.663
-243.757
-192.273
49.5267
415.507
207.003
203.593
-265.437
284.823
360.733
68.6133
213.197
255.147
149.56
-16.5467
-254.8
288.573
-401.643
408.753
16.61
80.7134
511.557
-65.3167
323.767
457.11
-73.3133
-175.62
126.877
32.1567
-416.577
-439.907
33.6167
-418.143
59.9067
-115.187
119.953
259.133
-107.433
13.9833
504.31
-197.933
116.233
158.447
132.583
-157.763
134.38
74.2233
219.397
283.363
102.22
411.08
-106.993
301.927
100.91
-20.98
537.537
180.43
-73.4633
-145.143
-63.9
-67.5867
-69.9333
-416.353
-82.89
398.413
-258.713
1.89
415.473
259.8
337.673
-424.46
155.777
2.02332
174.053
308.82
352.617
-61.1767
9.64
68.1234
69.0567
-166.35
-61.3367
-171.12
53.48
-427.38
-15.1933
-259.487
-345.493
14.82
-109.92
502.32
575.993
-239.68
-154.45
-325.76
542.36
287.587
-129.34
-148.03
-79.1533
127.543
352.913
308.42
110.87
28.1467
34.41
281
472.497
432.463
74.2167
-75.63
-89.4967
117.23
-122.377
20.84
-162.237
-185.253
-343.4
11.25
216.113
-213.583
0.136658
-82.99
580.783
86.0767
-234.7
473.81
-68.4267
-91.6167
-174.677
56.4967
-140.047
64.0033
5.11667
82.9167
-119.977
-266.147
125.87
0.0666504
255.14
-45.34
244.697
421.433
-459.167
-36.42
306.71
-2.65668
497.077
55.7067
411.807
-0.466644
-96.79
-187.113
494.173
345.04
286.86
223.84
70.1033
166.66
-124.763
-134.843
129.457
-456.127
200.557
-329.987
71.01
428.417
-207.237
10.2767
-51.4067
428.867
64.33
-296.313
-381.53
207.847
13.3133
113.587
29.8
352.487
169.623
-76.3433
-113.037
497.487
274.217
466.463
-83.4267
373.56
-23.9267
-20.7233
-6.15997
-168.35
-402.987
379.97
160.32
355.527
309.737
-306.71
-38.01
416.707
-94.32
55.46
477.283
290.973
209.19
167.847
405.86
-156.37
-513.337
-57.1767
199.087
96.65
215.847
193.637
142.23
58.09
-443.917
-338.17
-402.937
-154.247
-15.19
-22.7933
-191.843
-380.833
122.84
91.1333
-104.077
109.163
264.47
-156.053
-200.54
-279.677
329.9
214.4
10.6433
-106.183
398.037
33.2733
65.8933
-56.6433
-439.797
192.2
164.543
-66.84
-133.747
-52.3233
452.447
19.5633
-255.85
-371.89
483.06
-248.323
-497.36
132.53
57.64
-47.3267
130.283
422.24
-194.153
190.77
196.42
214.327
-240.56
-185.963
-407.217
231.29
178.733
-182.12
-261.447
-211.787
153.557
-25.2167
140.303
346.51
-123.09
620.027
-64.8633
-148.397
474.81
-300.547
485.317
136.817
-246.33
43.7967
-41.73
305.527
-78.3867
-218.94
-447.023
230.017
-131.897
184.157
-35.8933
-31.5933
-145.93
-175.753
208.447
-95.0633
-64.42
-175.543
-204.07
-24.3433
421.54
443.313
-122.8
382.08
-112.383
-88.5467
-237.767
298.13
248.783
435.983
61.2033
249.503
103.92
-144.68
-4.92001
411.043
-273.717
183.207
17.57
64.2067
115.313
164.627
245.33
-255.34
259.35
24.2533
485.833
-474.253
37.4533
-270.593
223.98
-8.38
131.143
161.28
424.867
329.843
147.4
313.073
-56.62
205.443
-131.553
126.79
521.743
393.067
23.5833
-315.193
386.423
-236.77
507.79
-110.507
256.24
92.2934
-239.05
-284.05
-84.39
-91.44
-214.07
86.5533
99.1633
93.9633
312.17
58.6133
-361.243
269.863
-309.58
289.453
-112.587
384.567
6.23334
-420.907
-72.4633
294.003
137.873
328.53
148.503
-261.777
241.693
-23.8134
-224.273
133.84
-356.817
-348.877
38.82
-337.437
39.1133
114.98
89.5567
552.45
-188.66
284.443
306.447
261.59
314.543
-136.633
97.0233
97.14
108.223
186.337
28.0167
-78.17
-39.0267
-331
-235.587
355.797
386.52
31.1033
445.287
-195.807
-96.63
463.47
-408.35
-473.77
25.4933
-53.86
-45.6967
143.94
272.507
290.07
298.107
184.947
-198.413
290.457
126.597
264.34
-346.04
434.173
214.87
-92.7867
-173.387
-79.57
-66.1367
-426.69
16.9467
84.6733
104.477
455.887
216.963
135.81
239.83
417.057
392.95
-157.043
225.25
-287.81
124.073
215.023
-227.513
-207.56
-161.627
-120.323
-91.7567
99.8833
-176.573
487.103
-165.413
-153.59
-148.783
166.927
-463.137
406.84
72.8833
51.6933
-379.473
25.2833
15.6533
273.333
232.813
277.047
-276.717
-148.993
-165.58
37.63
200.267
-185.317
-390.013
5.85333
-226.43
-265.693
-26.8267
413.947
-192.96
105.987
198.567
7.37334
-1.71666
-108.45
87.6933
117.363
515.757
-303.243
-262.557
172.85
-55.5833
-6.71335
141.193
-384.297
71.67
-44.6833
-292.373
102.8
146.46
-140.447
-86.35
348.903
163.47
167.27
430.623
322.06
64.74
-198.713
544.65
264.43
211.133
-48.0167
-10.11
109.003
-153.243
524.71
505.527
-489.287
110.067
-68.2167
-75.7667
-197.17
-205.293
195.947
91.5133
123.117
135.66
-220.61
326.253
-56.3867
488.25
25.1133
124.47
467.05
-135.343
88.5433
620.633
-25.0334
67.68
-198.24
109.813
57.52
373.297
203.02
-203.81
5.60666
36.4067
-234.643
-2.22334
228.253
100.387
87.1767
351.723
-269.533
31.8633
182.037
633.937
431.573
540.693
448.893
-319.207
192.2
132.833
-61.6833
-50.0667
108.943
-294.893
131.657
-84.3367
-28.2667
217.823
-386.907
-359.997
452.17
216.983
278.99
295.207
-101.183
87.8533
289.75
40.9
-388.807
150.7
-458.08
-418.54
-102.053
-82.89
511.577
-182.043
25.8734
254.43
318.797
223.947
-233.237
484.96
555.13
238.49
247.613
-186.947
-78.61
399.803
391.05
-196.333
-68.1933
-275.8
-350.217
-279.817
-127.093
-183.69
-64.4133
122.487
22.8033
199.9
-138.62
-238.797
-195.08
380.09
192.827
-141.447
-57.71
-101.703
83.8333
265.243
-453.657
93.97
43.0733
-272.747
264.653
473.23
53.8367
-174.83
120.13
61.07
-162.913
-302.437
89.0967
-413.88
166.22
7.84
152.377
20.3167
-119.353
207.057
-325.3
531.34
67.6533
15.8233
145.957
-1.55667
557.33
-445.673
235.687
125.92
199.477
86.9667
91.02
105.1
-388.327
466.013
22.8167
-245.047
-45.53
88.1067
461.827
328.173
26.9867
-265.853
126.12
-294.487
-343.307
-143.553
155.04
438.127
-228.28
353.763
337.92
54.0867
138.047
-240.657
435.5
1.72998
-322.483
67.88
258.753
-193.533
239.897
-493.577
143.953
34.0333
285.237
337.733
184.837
-30.24
-442.75
238.573
188.973
-155.473
329.46
-197.267
29.49
-38.5467
-18.2733
390.95
-43.8
-109.373
-80.3333
192.437
-226.45
244.617
253.713
-33.4633
489.46
152.93
-101.44
5.11667
-83.85
47.7766
-91.6533
-214.89
26.1933
148.927
-1.09003
-17.4233
-368.627
109.187
-55.6333
404.787
346.243
38.8433
604.79
174.86
277.213
287.56
-1.97662
387.847
-204.997
93.23
580.667
-155.5
166.28
12.5833
-332.687
-408.643
69.1167
51.1967
-93.4567
-225.877
477.83
46.1833
273.397
163.773
441.117
-319.763
128.5
313.893
28.3267
-234.43
286.603
332.66
176.093
100.63
-433.633
-461.67
309.773
453.683
255.383
316.72
292.893
-23.9467
99.5033
468.973
478.747
69.88
526.083
154.713
-245.03
114.873
189.763
-271.607
100.79
-291.943
273.75
156.17
-365.497
-11.54
247.517
5.76331
365.547
333.47
-299.873
259.66
67.8333
257.13
132.817
21.57
168.307
-261.92
-171.05
264.783
-167.84
162.28
-175.38
439.597
492.65
90.73
225.843
64.4633
-145.623
52.3333
-456.433
276.053
-163.433
195.847
541.067
-450.747
166.547
-242.083
-15.8633
-137.727
-203.207
94.5067
-241.29
-177.563
-80.6833
353.207
-184
312.387
385.56
532.037
-185.31
46.2633
-201.17
18.9133
66.8766
478.563
-174.07
131.703
258.417
-359.98
292.513
172.68
203.88
22.9133
-82.5
-4.04666
14.0133
150.543
-153.917
-306.31
113.4
523.587
370.207
-102.93
-421.537
459.943
119.86
-39.28
-213.08
136.2
347.293
147.733
380.037
294.51
-332.537
278.36
-228.267
51.8233
7.97667
-132.98
422.683
238.343
-370.833
-361.81
-344.707
32.4966
84.3533
-275.3
416.54
-437.613
-77.3767
446.233
372.677
-264.52
584.173
-120.353
187.083
61.25
-88.1067
235.3
-148.75
474.54
40.0833
430.327
-328.277
277.613
168.71
198.4
-203.813
427.7
-435.56
8.55667
-83.35
-224.177
192.403
-40.5433
-303.157
549.053
-85.8967
-165.457
141.173
29.3167
-47.3333
208.4
-319.81
-5.05331
83.9333
235.27
154.543
-43.9233
340.167
93.44
-21.5533
-39.4033
51.22
-106.513
260.277
82.7867
231.05
-34.69
396.413
-20.0667
-84.52
-424.773
-368.55
264.817
-113.327
189.493
216.103
-313.077
-87.8633
177.257
365.717
-191.013
93.42
176.78
67.0667
140.033
426.167
10.1266
290.033
-0.443329
100.93
-73.8333
83.4067
231.297
476.523
-272.993
-253.717
70.39
38.9633
38.3767
463.327
522.907
132.887
-65.73
-33.33
-487.497
493.947
91.29
-155.477
-343.54
-16.8867
3.82667
28.8867
-55.6
-98.6533
-145.057
-94.64
-172.137
54.5833
-165.757
-71.8333
-335.497
129.7
69.8667
26.3967
-189.433
-62.7933
-244.72
591.007
-218.493
-277.63
-51.5367
253.107
430.397
-1.56668
-4.68
65.7633
-359.53
-81.35
28.5567
-219.57
210.407
304.7
476.65
308.44
-105.243
79.8233
-215.863
24.7433
190.18
-129.443
-44.7533
-12.6367
-101.597
324.257
151.067
-277.703
-210.837
276.68
403.517
-151.087
231.87
11.99
373.383
76.6167
-230.803
-323.86
33.3967
328.28
312.713
-57.2233
-235.68
-143.23
-45.37
126.2
191.427
143.067
47.6833
185.35
14.0266
107.953
119.577
-480.723
-89.12
239.087
283.283
-127.523
69.2333
342.113
-107.457
-320.753
-142.293
90.4966
197.923
382.33
-29.8867
-28.42
-137.833
149.26
-386.5
443.86
483.243
218.343
99.22
70.34
498.733
62.2433
201.33
55.2167
-28.39
-280.243
539.73
-326.06
-126.013
-97.8867
-51.2333
400.3
-90.28
-126.353
106.217
-56.1633
-99.22
-11.6267
290.683
8.62668
-396.83
471.807
71.8633
-297.277
120.72
-165.747
-6.36667
265.907
471.437
124.37
250.053
363.31
-206.8
126.657
-133.427
294.26
54.16
96.41
209.457
153.103
-15.6367
227.347
152.82
242.523
-438.693
170.95
-166.183
353.85
303.843
-65.56
434.573
316.94
282.453
301.113
100.25
-36.8667
120.093
260.493
301.943
30.19
-113.283
77.4633
471.383
-141.317
103.03
169.49
131.21
181.19
-354.693
52.5567
-326.34
-27.9067
53.2867
-23.5967
224.533
137.983
185.42
-102.353
298.457
-479.103
-428.84
50.1967
168.453
-73.2433
302.337
163.993
77.6767
-137.82
36.3233
499.763
-60.4167
245.49
249.867
-106.463
-129.183
464.763
34.07
423.06
-190.753
-143.847
-102.733
18.5267
183.543
561.363
174.85
105.193
-407.597
404.357
162.663
-447.717
-20.2767
-182.47
49.5167
-169.353
-137.153
97.8333
296.183
-28.05
-28.0933
92.9467
-227.677
224.617
437.65
-53.9733
-31.17
-10.7567
122.807
212.2
-114.797
82.0533
500.1
-49.1733
269.253
479.19
-122.66
-307.833
388.487
422.82
-294.377
-333.72
331.223
-421.197
470.117
612.443
208.303
-191.463
161.413
287.677
78.2033
127.95
-85.3933
420.16
159.437
363.653
105.047
186.793
-200.14
-365.69
225.757
-410.637
228.39
361.79
-292.87
-159.217
56.5933
-101.207
6.25665
-3.60333
242.16
465.243
101.863
98.2599
-163.707
-179.61
249.23
-90.9333
-117.87
24.9866
-422.173
-100.847
391.023
-111.9
419.66
335.413
117.61
-65.93
254.413
111.18
116.907
446.887
-111.983
340.667
51.74
129.297
231.133
376.16
356.887
182.157
565.403
-99.2267
-224.66
587.703
-172.673
106.503
-47.0533
65.6667
-401.11
134.513
161.863
-298.013
-151.983
246.57
393.457
-344.593
-238.123
149.57
-395.683
519.863
-40.7733
9.59
-71.35
-160.137
74.1067
5.28668
-72.75
-164.69
230.903
277.167
-80.6067
-315.697
-143.197
180.283
392.82
-110.743
167.347
-319.053
-64.4333
-388.34
-489.15
-52.48
117.49
191.413
-295.893
-468.613
-482.627
-3.35999
311.99
-99.63
51.7033
-63.2867
-13.9734
336.19
45.97
86.7867
-53.7533
218.463
153.783
203.687
213.48
175.463
-49.0733
310.03
-376.75
463.103
277.22
363.557
168.13
-369.22
513.13
103.85
266.94
-190.883
-361.69
278.367
117.437
269.39
89.1967
-105.103
-201.32
7.85001
325.063
-340.587
391.333
179.817
242.037
-197.997
-295.667
-279.11
-116.657
-62.4067
522.117
320.497
-253.157
414.4
569.757
-223.353
177.997
17.3567
-86.54
-272.477
-479.907
74.6967
-199.38
-311.203
306.67
440.913
475.493
115.85
339.36
26.2133
-62.6767
-36.3466
-109.59
15.8
303.25
-114.553
17.0667
57.55
-178.677
256.937
288.62
197.74
-83.6667
-76.0767
-141.39
-500.763
288.447
42.8167
243.787
-357.197
-348.89
-202.69
-348.51
77.3767
250.537
47.5933
45.7167
119.477
548.127
385.133
81.9767
28.9833
204.24
-30.6
125.213
77.7167
-221.707
-38.1
236.533
13.9033
-49.0233
-88.0067
412.37
-94.2567
50.03
436.68
-309.167
179.357
-78.7033
-147.827
459.517
195.877
120.17
157.797
-56.7067
-154.16
96.2467
308.83
-108.353
556.707
268.953
-175.26
-49.51
33.1333
20.9933
281.283
386.313
-482.303
238.347
-10.47
72.9167
-458.357
-198.333
-224.893
116.62
113.123
119.637
87.44
341.077
99.7834
227.983
471.223
-227.667
65.6233
366.897
-20.2467
32.1533
-175.927
-271.193
278.193
-266.3
428.497
63.18
-251
-131.727
113.967
65.4333
445.527
303.56
-189.543
101.58
-178.223
173.24
313.463
337.857
-211.537
410.17
287.633
-405.407
-0.596664
12.45
18.5167
-52.49
-274.113
133.187
317.273
-180.227
236.213
-390.603
-35.5133
30.7967
-74.8567
-156.51
431.307
410.56
216.17
-186.603
401.403
-350.03
172.227
544.467
82.47
25.2033
-196.417
-180.753
343.033
-42.7467
-160.38
499.65
388.507
-35.0233
-178.787
348.687
92.74
276.413
-352.637
-166.08
432.173
37.1633
97.91
59.3466
55.66
-463.633
256.847
110.26
442.527
-11.3233
137.63
-290.77
-121.513
-1.56
209.137
-25.68
60.83
284.253
-320.8
313.317
101.627
-157.28
-129.2
83.1933
-225.767
591.073
129.913
208.223
-121.027
172.203
464.507
60.8933
164.82
-207.777
-226.707
-128.17
-168.427
329.587
-504.837
259.487
-42.84
-67.36
117.717
79.9733
422.757
95.6467
-389.043
-84.02
-145.023
443.73
448.91
63.3433
-103.38
30.36
424.917
333.477
260.937
123.07
355.73
33.3533
80.5367
66.8067
-51.36
-129.5
-129.63
-12.0633
-146.92
-114.98
-154.62
398.51
504.1
180.41
54.0867
121.523
160.09
-243.267
471.11
-254.483
326.897
436.253
-43.3033
14.01
0.106667
44.05
-237.623
-153.743
133.42
293.31
5.64999
214.94
-16.5567
539.33
253.933
119.213
185.523
-206.257
-150.55
-384.05
-0.436676
336.317
486.447
-29.6433
194.82
144.643
-427.067
270.493
-113.95
355.98
44.29
335.767
210.2
455
-70.7567
-129.133
-11.5633
-135.2
6.31
90.9933
85.41
-175.353
169.083
172.337
-246.02
311.56
-98.9533
324.517
147.977
88.5467
238.787
16.1567
-70.33
316.353
-204.3
91.5067
339.017
41.43
-298.23
-178.28
391.51
162.683
-17.8667
31.96
117.847
148.257
-500.22
70.8133
158.15
-264.233
-211.027
-18.52
332.287
482.473
218.987
447.667
-410.99
-43.8833
-220.19
-469.11
-44.3766
193.623
246.683
70.92
70.2433
608.65
19.3633
443.01
141.62
251.607
-173.607
-198.913
-12.9033
247.177
305.357
112.623
87.5767
74.2967
-457.667
-367.267
198.827
-78.3033
-254.597
427.547
-2.96667
-274.22
114.613
346.587
229.457
24.4733
47.49
136.437
-107.96
148.467
119.13
-518.193
138.207
303.783
-255.49
105.203
-373.267
9.05331
-66.6033
-21.56
-12.8767
-13.28
106.223
-164.45
539.427
-246.257
330.183
-76.1233
-36.11
86.5333
128.457
-118.487
-213.593
-235.093
-130.15
321.577
-41.39
-188.013
-394.83
-321.353
-360
156.34
-498.627
189.473
-94.92
-360.787
15.8333
69.8933
402.27
240.727
63.94
-149.507
-96.2867
-94.5433
-48.44
42.3233
-236.453
-36.6233
-211.76
-36.8967
344.487
495.08
-283.627
-91.4467
134.15
-302.753
-9.95667
224.313
-45.6833
-20.65
-188.393
118.693
-80.1266
147.487
-49.9133
-70.5967
-256.87
108.45
184.997
-36.5233
89.31
180.56
-13.8733
279.363
-368.713
-73.1833
25.9033
-9.21002
-181.59
223.823
-62.5933
-83.7833
-116.737
155.957
72.6333
-383.69
-328.293
-14.48
-57.05
-38.8
356.723
368.077
223.24
195.583
-240.87
434.493
-91.0133
96.1567
79.24
92.0967
-13.99
-423.68
-359.59
209.34
-40.4333
-2.82666
-116.577
138.073
-86.9833
-242.05
-350.51
547.223
13.31
-105.663
235.94
-119.957
-133.727
-85.3667
143.493
-54.44
233.973
-69.9167
-59.3467
437.31
-313.383
13.6
-12.5966
401.413
-266.693
-373.287
-134.273
428.34
408.933
-154.437
281.183
-439.053
-138.353
84.49
226.827
-301.967
-202.527
21.5433
113.73
454.25
70.7967
-482.903
-163.977
-13.3167
5.45
20.41
-255.88
-287.587
-324.553
146.537
47.7433
28.6
-384.967
-486.76
178.24
142.343
269.753
-84.4233
294.077
-392.987
204.683
-203.127
124.237
-182.253
279.6
-71.2
64.3933
-104.573
-300.033
94.03
265.867
66.2567
0.81665
-449.017
-206.953
194.527
-76.2367
188.133
108.713
-87.3633
83.5
-193.047
-437.9
-306.587
165.753
546.45
69.0466
352.113
-92.5733
9.00999
425.78
323.137
-291.983
-69.41
285.963
213.607
544.683
392.203
-54.0967
-1.65997
-195.027
107.003
307.52
-3.81333
-32.56
161.79
-258.027
-50.9
-16.74
-474.573
-21.9767
244.363
-384.857
-90.11
262.21
37.7733
130.63
104.59
216.353
-76.6767
257.667
-9.20667
32.43
301.92
72.8133
364.633
-28.7167
-181.357
-503.46
316.08
-507.367
-15.2133
242.487
28.2867
-269.703
-71.5
298.56
368.363
137.03
279.72
-54.8167
-402.5
-105.037
-85.79
86.5033
-129.77
-169.31
411.727
-114.617
148.837
-79.3033
-340.007
364.92
108.627
32.3733
-55.34
-223.02
397.813
-140.37
378.95
-475.23
125.63
-90.2033
-221.84
-4.50668
-10.5134
46.5
366.86
-480.167
-318.86
67.0333
85.8533
-265.33
58.1667
238.627
-68.9933
-345.447
31.2267
155.327
110.58
-30.5033
510.44
394.023
-453.007
529.81
-99.78
306.373
-74.2933
-25.5833
257.29
-297.94
418.513
15.1333
191.387
600.18
11.88
286.18
395.28
310.867
-314.92
252.907
68.1
-123.003
396.76
314.493
-476.54
-86.47
156.767
135.44
-192.35
120.117
-204.973
-5.89996
92.2267
62.9433
-266.98
-203.203
-495.96
462.113
100.2
-92.42
-321.217
-477.3
372.71
298.847
-44.5267
475.18
-46.0333
206.867
175.817
69.6567
-193.287
368.08
-52.6233
75.65
111.91
408.3
50.1833
-155.063
-365.757
-313.86
-457.19
-353.177
-147.253
61.7667
145.4
467.14
-343.193
-332.057
314.633
-275.027
487.153
-34.2
200.177
383.253
-33.0033
-129.067
-211.54
248.4
128.617
324.307
63.49
15.97
197.827
-352.887
85.48
243.397
151.373
-222.687
-400.933
29.6267
82.2667
122.777
-256.22
131.693
-257.133
-325.613
118.933
-75.9667
122.373
-156.893
176.653
324.1
286.31
-62.3567
355.693
-204.31
-253.967
-189.747
224.773
469.597
22.3
-269.177
-28.5467
23.71
379.073
110.907
102.013
233.72
69.9767
94.3734
-319.283
-136.347
106.7
148.517
316.907
-141.967
-37.7033
-300.827
-46.7267
-135.977
-86.9033
76.76
-279.853
-481.243
-264.87
-224.42
-173.64
23.2033
-18.6267
157.967
-112.68
104.763
596.117
-351.417
-132.523
130.653
-183.533
230.507
-1.06333
391.503
241.64
574.517
3.51334
-328.5
6.42334
487.163
-87.55
3.65997
-138.99
184.113
298.89
461.423
379.147
505.63
394.233
84.2
217.937
-185.697
204.733
-111.573
453.053
245.27
-143.377
-296.38
135.047
262.123
-116.76
538.42
-112.503
-266.943
160.427
461.017
-324.98
-167.787
330.44
-495.443
-301.977
388.013
-361.807
53.35
45.0467
30.3033
4
197.457
413.163
338.02
-10.99
44.3767
-321.577
6.24664
-138.843
-202.237
449.623
113.32
66.3467
-20.1933
-290.58
-155.493
-13.5433
301.71
-51.0567
38.7167
42.3233
241.067
382.473
-405.173
-285.49
-203.43
135.74
-80.4533
547.42
92.69
410.537
50.3533
265.183
-207.393
163.787
366.053
499.787
-228.5
47.03
30.7667
-48.7433
-224.667
-248.843
404.09
-369.03
500.007
553.35
-109.013
308.793
277.467
286.077
328.52
465.673
21.9833
-374.953
224.347
321.68
-56.4433
471.577
297.143
34.2633
43.3667
362.063
-199.243
-69.34
131.14
271.267
344.203
262.79
129.373
-77.2433
-159.727
46.8933
227.507
486.043
-261.267
-205.16
11.7767
132.633
-233.103
162.69
-42.6667
-399.69
-380.417
340.187
-288.163
70.46
389.823
112.733
379.277
-87.8567
169.317
-83.52
209.383
341.867
-124.367
197.017
185.8
228.88
-27.71
71.8
-257.36
580.77
424.863
-116.273
-132.32
140.61
69.9467
-218.373
-279.803
227.553
312.13
116.667
307.517
-75.4967
42.0967
486.967
147.127
181.217
453.227
-57.0967
-155.63
121.637
314.503
-8.75333
-142.9
409.897
-59.3333
-87.54
185.567
130.78
-12.21
10.6733
130.46
-35.3033
426.263
-201.833
-133.137
-358.243
128.147
71.1267
-207.243
-385.337
-200.243
-298.42
-381.87
69.3033
67.1
471.003
471.3
112.82
-260.997
175.923
83.26
306.723
-72.6133
110.277
382.75
-193.103
153.107
273.583
-241.453
125.607
309.03
327.11
-82.56
114.233
288.4
181.27
139.9
80.2933
-209.28
433.18
233.097
-35.0167
161.933
141.363
-52.39
-335.39
-32.1667
-88.02
-117.563
-361.487
465.98
-80.5767
-272.543
165.483
332.573
179.917
-39.5867
-205.677
506.337
128.597
-320.22
307.457
471.997
12.6267
76.61
-480.787
-145.527
58.7634
-108.287
526.263
-245.853
255.263
7.17667
164.257
436.297
202.273
-304.65
470.177
-37.0133
122.467
36.2
115.347
-7.53333
192.473
-24.7733
106.04
178.56
51.9
423.297
268.233
65.3533
127.953
-422.52
169.667
176.51
-138.907
215.653
110.053
114.547
-287.577
-198.227
-332.53
5.00333
-37.41
210.867
26.6867
42.8466
-93.2533
264.413
259.053
-111.07
66.78
-87.7467
114.983
100.44
-115.713
4.17667
44.98
243.817
178.71
163.92
-22.0967
24.9467
212.153
-319.52
352.463
378.55
-43.65
-330.823
485.81
-180.41
243.297
-378.867
287.717
-70.9133
144.133
-189.837
76.4533
-233.19
-12.8833
54.19
244.873
-35.67
511.393
-35.2367
-316.233
-104.167
-422.95
-79.6867
281.167
-276.99
-24.83
250.867
20.92
105.527
-60.6534
163.13
-196.987
13.3567
-0.0966797
-98.28
173.95
-149.563
-32.9167
-80
419.4
-487.01
-85.61
119.41
-199.957
338.87
356.597
-78.3933
57.5033
-192.89
-125.523
47.1534
451.763
-150.133
16.7333
102.763
75.8633
-59.2533
330.667
-267.987
-198.133
-245.707
342.297
52.8434
-183.093
146.08
-33.61
138.687
67.2933
159.497
-15.1833
121.75
-212.01
-109.86
-246.897
432.26
267.733
-514.04
436.803
13.6833
-290.913
400.537
124.01
395.173
171.5
-166.937
-180.5
439.067
-272.07
200.88
4.67001
-214.773
-127.79
-325.357
433.057
179.217
-112.54
367.357
-333.42
-12.3
457.873
535.41
32.19
-77.17
30.36
500.96
-351.42
315.453
310.687
341.717
-295.943
95.0833
-78.2067
161.003
-321.873
-448.437
-291.54
-338.7
495.943
325.313
355.447
517.3
-4.21
441.367
182.673
-30.85
42.88
115.87
108.807
-223.707
276.6
94.15
-273.74
165.943
227.143
-51.9433
325.833
75.8867
-28.66
-172.79
-311.503
86.9767
529.077
-451.763
161.63
-37.4633
-150.53
373.477
-17.2
-248.73
-102.417
195.19
-145.69
303.143
374.213
38.41
83.2433
358.173
40.6767
-509.09
-25.7733
475.703
296.463
-43.5133
-87.85
259.67
-131.533
112.327
-91.65
458.387
163.56
-373.5
-255.497
-1.48
-14.8767
-114.57
58.4467
-358.457
148.417
202.123
-106.14
574.173
299.603
100.11
-111.273
118.37
172.473
354.917
70.74
179.703
257.697
-265.263
233.197
-292.197
-189.95
1.54
160.737
441.35
384.873
385.133
360.183
-167.293
-168.83
-228.42
347.49
-339.867
-103.07
-384.717
61.3467
508.943
249.247
-71.35
-184.33
143.7
99.6933
364.557
211.45
468.39
-539.243
-271.25
150.513
-299.77
142.9
-179.797
-276.367
-424.54
266.497
-490.62
-0.569992
62.65
-235.64
572.13
259.877
-66.91
273.197
-280.037
219.41
-197.497
286.803
31.65
-90.6167
-111.107
317.683
-47.4433
-41.6567
23.33
153.087
-161.573
83.7067
274.8
-216.187
-61.4733
273.267
-431.54
-253.987
-23.8567
-258.817
-166.91
2.03333
-110.127
-225.027
168.26
-455.06
-12.53
-11.7533
145.313
3.30667
76.0033
-115.607
-99.8466
-78.9066
189.23
160.89
-33.84
-81.2067
72.71
40.4933
-353.313
386.61
156.96
459.73
43.0067
-98.8933
523.64
-210.99
-58.34
-282.547
-169.227
434.487
71.3433
356.61
423.053
-329.867
-108.613
8.33331
-143.283
89.9533
-90.1433
211.303
-139.73
30.47
137.633
23.6733
-365.703
-209.647
-296.737
419.757
-75.89
163.01
468.06
-201.333
60.83
-54.6067
-213.163
155.873
313.53
-259.29
376.273
-2.28333
-387
40.7867
590.767
-224.32
115.803
-77.63
386.01
-365.85
-69.0533
-474.17
-186.027
175.437
114.06
-128.937
98.73
125.407
479.883
-534.703
83.48
184.133
70.1567
44.5433
-45.03
-45.52
-16.2533
150.293
120.927
-37.0067
-60.12
242.927
-171.95
144.99
43.21
-89.7267
-110.253
-400.843
105.047
277.607
239.147
14.9267
234.21
41.9933
390.373
211.693
-142.02
94.1567
404.867
139.483
-130.72
-92.17
69.3667
-76.15
145.813
4.43332
-219.817
-147.55
-22.88
226.43
-251.563
321.027
88.96
-64.32
147.25
99.7567
258.067
137.04
125.687
20.1233
53.0033
317.937
-159.813
285.593
80.7133
271.633
478.72
-183.22
351.727
-196
93.7333
142.937
-193.71
-71.34
98.0433
514.567
-50.0533
198.2
-185.83
74.7633
-71.4767
35.78
-60.6933
-10.5433
300.223
-83.4667
398.813
-142.897
322.633
214.387
-312.24
521.693
-214.137
-319.96
-257.717
72.6233
477.55
-114.403
611.74
-147.18
-257.91
-202.217
442.11
158.147
-53.5867
-296.25
-212.567
-280.887
-227.133
289.847
418.973
56.71
217.033
-68.1867
52.0633
-142.33
495.357
-300.683
29.9767
122.103
575.043
236.41
77.9733
204.61
167.413
-197.19
-320.607
-178.37
192.737
29.2133
175.233
362.65
53.4067
-55.66
378.423
152.883
-109.53
-99.3433
11.5567
51.6033
68.8134
544.097
263.607
-274.83
293.35
322.677
45.9733
-4.16333
213.777
-273.73
-255.883
234.507
-11.9
242.577
-96.06
-246.483
-177.747
432.24
95.48
360.6
-203.467
373.403
466.477
-85.37
-21.4467
167.07
87.21
258.807
-159.903
149.227
388.34
-69.83
-73.4133
-30.37
365.477
-64.6733
-9.57999
-185.783
-65.13
201.13
-513.57
-51.8833
408.453
243.963
-117.047
436.197
449.32
16.84
269.553
494.997
-258.503
278.297
350.663
206.607
106.68
299.227
231.16
334.75
-301.617
-211.67
51.47
-302.987
153.427
121.303
-308.873
141.913
48.9
-259.757
-148.827
16.0367
-321.977
325.23
-399.693
-285.177
214.097
-400.493
-2.97
201.373
321.613
477.633
133.95
283.15
-501.723
-143.43
22.3967
401.183
393.177
630.937
377.913
-66.09
-57.3833
-34.6733
-38.3633
30.7967
126.173
135.44
417.46
-39.6967
-433.267
213.63
-182.22
80.1333
-55.32
274.483
40.2567
178.61
574.413
98.4167
559.237
-258.567
-178.537
127.493
279.23
34.16
-135.62
-22.06
-235.733
-300.473
56.3467
297.237
-287.517
144.083
294.47
-225.423
45.23
70.3934
525.32
302.16
47.4667
344.963
100.203
-246.917
323.98
-131.52
-70.53
-99.3233
127.223
143.333
-210.257
-11.84
-113.027
-248.837
-259.08
-130.543
-14.5867
40.0433
82.2633
-58.7967
255.76
-370.677
393.527
269.473
204.597
124.083
392.337
221.487
-260.7
319.54
531.827
22.62
73.0433
-241.62
263.67
524.633
110.453
389.93
-135.253
311.597
110.597
105.79
474.95
519.99
-43.2033
215.44
489.89
-321.863
-429.883
-7.87665
-4.89667
-135.653
-499.747
25.2567
25.9067
-64.8733
164.827
-38.86
-289.217
290.84
-153.843
462.697
364.36
172.587
292.997
212.927
-72.3367
-166.37
-279.887
195.737
146.637
-497.86
-33.3067
-37.8567
275.01
-167.907
506.09
190.687
457.4
-89.54
-48.2433
-36
46.8867
138.377
471.007
11.98
250.82
-280.587
33.75
234.067
181.967
551.15
21.3
-88.74
-249.88
-283.687
-94.61
171.093
0.356674
501.46
-358.687
-360.603
242.893
437
-273.57
-227.68
-52.07
377.197
453.04
207.89
-55.9067
-5.13
355.72
-243.773
80.7767
7.47333
79.1333
79.56
-201.333
102.077
-458.117
156.267
188.18
424.053
-25.2233
-11.8733
218.44
-33.5633
-198.667
443.797
461.433
-275.77
-238.387
-215.627
-433.35
-90.4533
130.767
-21.44
-349.097
-143.417
81.17
524.99
-148.717
179.08
-156.447
206.97
431.547
190.37
-12.84
8.01332
-142.483
-239.297
-214.84
-239.583
-195.267
478.1
345.13
213.957
185.763
-3.56665
380.42
148.883
-183.863
-332.07
23.1767
438.01
425.5
-316.967
555.203
94.6967
141.94
-41.59
56.29
-74.69
-66.5934
0.746674
152.86
242.933
-149.943
-68.8067
164.573
178.177
468.527
-278.827
275.63
225.997
363.017
244.19
-359.09
54.7567
-129.243
-191.74
239.963
97.2167
-208.21
40.9167
-232.517
151.613
-170.407
155.273
-116.15
-201.673
267.51
240.85
115.787
-240.947
327.227
253.753
235.957
265.413
-127.44
167.133
417.033
-285.297
-238.563
-28.2033
-184.5
-380.393
299.977
290.837
-188.623
232.66
311.287
-213.893
216.443
498.983
204.27
60.0767
28.9867
-66.0167
-350.33
31.12
4.47667
-85.96
239.487
-10.98
-57.5667
120.3
241.083
-70.3633
-26.39
-143.49
-94.6366
33.1433
167.917
309.153
180.393
227.73
-226.303
-223.91
-363.693
585.81
566.577
213.677
524.53
587.243
217.897
-128.77
-277.393
526.037
149.07
302.47
-264.3
363.853
-198.87
228.717
215.063
-37.38
147.43
502.383
-79.07
-177.807
284.18
-145.647
173.947
-298.227
533.557
-6.08331
-144.9
-178.1
153.807
-36.4633
-242.023
59.2967
251.293
64.6167
-417.73
-25.5067
-11.4267
-374.36
-89.6767
0.286667
69.9767
-355.513
-444.51
-141.727
-149.117
146.887
296.89
-444.043
522.78
-202.107
213.47
15.28
-262.283
496.46
84.6
274.07
172.75
242.097
-81.02
-110.527
358.783
159.933
248.847
-119.497
213.97
16.0733
215.387
25.01
-235.813
26.9233
91.8066
48.0367
-320.74
334.203
269.753
-432.377
239.28
220.09
-13.2033
511.773
-67.9467
-96.8533
272.443
101.2
563.337
217.97
-27.9567
174.96
-453.493
-258.56
-78.26
309.453
-44.7067
-257.4
-126.55
71.87
219.333
25.5767
184.95
140.023
-55.7067
83.7733
-26.31
-223.033
120.6
212.937
144.69
-55.6167
-95.0133
289.767
42.7733
-69.3466
-85.1233
366.11
-256.937
382.3
20.3467
567.063
-320.523
396.267
481.193
74.2633
341.387
250.943
93.88
437.153
181.653
55.0633
-241.003
-331.583
583.453
-6.24667
436.963
170.11
81.8567
96.87
-29.1667
453.36
231.893
-251.997
25.8
-75.64
-33.2967
210.677
-9.81332
24.7167
182.003
-313.74
337.887
-130.283
306.19
564.407
379.437
-180.86
-36.9567
248.303
-204.91
-235.943
47.3233
398.603
-310.103
212.82
-281.937
-138.813
221.843
386.857
232.183
115.43
-63.23
-447.887
-0.956665
-22.85
86.5567
57.6333
-29.6033
90.85
-159.23
174.563
-76.1967
63.0367
85.9467
329.463
-161.433
469.69
-133.887
12.2167
29.34
-420.133
-445.89
104.283
146.44
87.2133
-387.073
32.5867
-226.457
-255.773
-246.9
-202.75
295.23
87.1367
-203.263
320.293
-48.4367
483.503
172.783
148.783
211.11
-215.337
187.02
308.98
-21.01
-205.81
73.7167
-383.097
-77.9734
-152.203
-51.6167
-221.837
417.663
-127.737
139.117
-366.34
8.23334
-419.76
-270.35
286.737
-178.317
464.03
-23.5767
-77.8233
86.8367
539.557
39.0367
162.267
212.507
-28.0833
-230.72
-506.83
26.8367
-221.193
56.35
-24.0867
102.053
-271.83
291.17
481.65
-255.607
-418.693
595.707
-392.97
-32.36
513.05
297.667
77.8033
417.963
156.153
-359.043
4.39331
81.1433
-162.037
35.3333
371.01
-85.5467
-129.65
114.39
32.2633
85.79
151.03
53.8633
499.113
448.633
68.3133
387.673
-129.79
-225.657
112.653
345.987
157.483
-141.127
61.22
-133.87
-175
-23.4333
70.5067
251.8
158.687
-296.687
89.7633
203.767
-201.56
279.077
434.757
-216.803
-393.747
467.73
136.26
-144.317
393.053
131.427
271.777
-144.03
58.9867
159.187
-389.373
99.1634
85.9133
-48.16
-279.24
9.69
83.2833
-0.573334
313.287
132.147
266.777
267.147
225.953
496.687
400.397
397.187
4.17667
-182.52
-209.697
-458.117
-37.3967
1.92
295.623
197.3
-46.6067
352.04
451.193
-237.497
185.907
25.7333
-74.2467
80.29
148.52
-88.7567
7.14667
443.577
110.91
-236.23
-104.24
63.8467
73.1433
107.11
166.19
279.84
312.26
599.06
180.253
171.903
-187.393
431.287
46.74
-109.537
-102.03
-1.17667
246.3
229.723
286.213
344.117
560.2
194.4
345.9
-170.5
159.357
205.313
-125.207
162.047
-53.5567
-415.903
165.413
-183.327
-167.627
-213.86
-213.537
-348.697
450.263
55.8067
153.89
-38.2133
131.657
-78.03
-407.97
-101.55
-403.137
-94.91
-303.377
118.853
269.15
326.297
187.77
-280.46
-73.3167
184.89
-488.793
8.15997
546.677
-509.993
95.2766
479.737
-165.937
131.567
131.967
-5.50667
185.14
-280.533
-374.163
-118.88
352.863
127.72
-370.157
554.533
68.78
268.827
20.26
277.383
-400.28
-250.187
179.717
-3.02667
137.38
-243.2
-32.8367
-378.083
105.613
293.94
-118.03
46.5667
-53.83
549.217
95.0933
-217.487
419.39
-16.43
94.41
68.7733
-9.97668
253.137
36.9133
-435.497
254.807
-118.573
421.44
-76.6
78.8533
140.903
-136.463
-32.5133
176.677
407.887
-180.017
196.637
552.677
139.33
534.26
-61.1233
-133.27
-65.3133
-437.723
-79.0133
1.58331
481.803
87.8033
101.49
-5.68002
41.4567
191.217
411.777
85.21
83.51
-9.17667
364.037
-63.8333
-41.1667
4.69669
-71.1867
-23.9133
268.863
-200.4
262.59
302.273
295.757
421.56
-302.547
86.76
197.53
-95.5767
-42.77
0.419983
-223.623
206.1
-228.42
-428.663
591.857
-95.3733
-82.0533
-145.573
496.607
178.51
139.663
162.027
146.033
-66.87
392.3
-113.05
182.653
60.93
82.8967
-261.48
236.493
342.463
326.677
-11.3633
-258.74
457.233
155.097
96.6367
238.813
79.7633
219.887
-177.48
-331
-82.4333
-316.053
-246.97
-164.873
-240.873
-47.6567
148.363
502.707
85.55
-375.297
403.28
-316.837
254.963
110.327
433.327
211.757
-186.22
-156.837
600.273
-427.03
-123.967
252.08
-42.0633
-326.907
92.7433
112.293
-299.837
188.32
-268.96
122.957
232.657
281.817
-304.747
235.08
-157.943
171.1
137.92
433.573
314.873
-295.033
105.37
-160.097
-155.1
394.93
-127.25
142.973
208.487
-240.333
-256.927
469.327
27.1567
-390.297
6.55333
295.053
-214.593
-345.437
94.6
-86.0367
-291.73
-192.727
-341.107
-9.14999
0.539978
-282.807
155.497
309.09
-47.0367
555.49
-165.417
-211.7
502.647
-339.887
-169.71
-43.9367
-19.55
322.333
488.287
-250.227
84.77
123.65
-162.96
217.37
-200.6
-124.133
428.723
111.027
83.9366
68.12
82.4267
-40.2267
-215.117
222.343
281.613
-124.97
-83.4333
-154.13
-215.303
46.12
-181.987
435.533
209.6
102.283
150.403
13.36
-0.436646
290.793
-44.8767
400.823
-74.2533
-7.54333
115.277
143.4
-189.083
347.043
441.257
-153.98
345.727
-152.977
319.587
-68.99
58.1433
48.4567
194.807
-6.68333
-3.09
209.17
-48.0633
80.98
400.65
-31.3833
207.127
77.7
56.52
239.117
-47.01
464.527
205.457
124.097
-157.537
-17.9433
-222.313
-306.353
407.723
-194.573
308.29
-339.5
128.42
-186.093
-110.793
359.963
12.9833
281.047
405.947
361.19
-53.34
246.767
-121.53
-266
460.143
-328.23
52.8867
216.747
-348.903
21.53
517.327
536.897
113.677
3.51333
94.94
210.587
535.347
1.54
-274.813
461.26
359.887
133.993
-157.093
-473.337
40.4667
346.407
228.463
49.2467
596.213
26.1933
35.5233
259.873
506.683
88.6367
71.5733
193.927
-7.57669
-111.77
-205.387
-325.44
12.0733
-12.6933
-160.507
-31.56
16.5867
296.227
352.543
485.57
-77.22
-189.067
50.0267
-192.847
297.973
132.587
150.623
-50.8067
-8.45667
-119.627
-361.75
-337.43
-376.13
95.0933
204.887
-74.39
337.367
99.4034
-97.7167
-325.717
103.817
198.113
78.31
-425.517
148.527
77.6766
-70.4233
-145.08
-134.973
332.51
-30.0867
65.2233
99.0767
-200.43
-3.61334
103.823
56.6133
-376.02
509.77
-215.197
68.9467
-252.78
489.323
111.543
-379.707
-385.84
42.14
-78.17
249.627
-68.88
171.277
-80.5
110.11
-203.97
209.597
2.04666
-261.89
-314.753
127.31
-66.2933
244.617
358.36
-259.19
-132.05
591.707
302.153
-263.133
64.66
-37.9733
451.517
-402.147
-307.5
196.047
22.3067
-145.003
-259.127
106.16
58.1333
259.16
429.673
-92.5567
164.287
-13.84
107.153
-181.337
6.64
-14.4433
332.86
151.493
332.613
-172.94
-221.617
47.8867
128.243
-141.683
320.643
-109.503
69.6533
-282.913
-450.057
504.207
253.433
297.687
-269.463
-304.45
289.367
106.03
8.30664
1.34332
-101.947
420.977
155.68
-424.437
14.0133
-289.333
343.31
74.5433
243.03
22.5267
106.317
83.2833
-335.247
334.603
218.583
188.173
434.253
-194.453
-61.3167
144.34
201.357
218.877
-323.987
261.733
108.543
-23.94
11.7333
-307.677
77.59
172.537
-195.313
-81.2667
62.5933
38.0267
-63.67
119.483
-48.4133
309.28
-194.45
248.15
409.8
-537.733
554.843
30.34
-358.833
-157.19
172.493
-114.257
-170.673
430.89
-304.9
279.917
321.993
-278.17
412.38
161.553
58.0133
-122.617
-61.0133
164.437
-483.103
-86.89
150.85
635.13
224.273
95.2
-429.567
-52.9267
-261.763
179.65
238.303
-17
466.277
13.3467
562.497
-2.00333
-236.313
203.627
-76.3467
-55.39
-129.803
125.19
-37.8367
43.22
438.637
-181.54
363.223
-16.3133
88.3933
426.79
171.303
-57.0067
539.43
5.47667
483.77
-185.753
1.01001
-115.507
3.73333
470
-154.713
395.483
-273.1
-148.9
-119.86
-165.477
160.207
-63.0333
244.19
156.04
-299.067
-87.2567
92.8267
173.78
-143.973
108.543
285.247
189.817
153.36
327.403
240.887
247.237
220.77
-10.9
-329.333
-19.4467
-141.793
-19.5033
-279.303
390.853
-57.23
205.383
33.9433
9.79333
15.7667
42.0267
-187.827
525.137
88.88
289.497
-70.8733
-195.627
-321.357
484.967
306.32
-377.133
-251.037
331.05
-240.383
25.4633
243.82
208.19
392.813
-236.09
90.9967
-210.757
-501.893
-248.507
332.577
-0.826664
311.993
-76.8367
114.78
18.66
229.42
533.177
-154.42
-73.71
166.977
134.68
270.223
-85.9633
-423.437
290.597
85.69
-101.493
155.863
413.087
67.87
292.84
-93.5267
98.7533
494.87
6.82667
585.36
-434.19
495.6
-132.433
151.67
50.6533
-349.083
100.877
245.903
-205.897
-118.3
174.633
302.13
-73.5667
-349.92
-88.0233
-79.2133
371.76
243.633
17.4133
-1.00665
-28.5967
-105.143
49.7033
-112.53
-266.15
529.597
176.703
-31.7433
363.783
275.257
267.937
-396.457
78.0867
-309.4
147.517
-150.187
135.863
-128.36
133.903
341.857
278.64
80.03
228.057
-41.24
246.24
26.8
243.353
70.5233
-58.8067
149.323
331.913
-11.65
-11.23
-9.53665
-59.6667
457.05
181.15
-295.757
220.097
334.277
283.183
100.627
61.6167
437.707
-76.3033
27.94
-48.27
33.17
193.383
595.64
-217.227
-273.747
286.43
-37.5567
-211.683
-274.77
108.753
207.95
236.263
29.2733
-213.003
-145.683
425.907
-188.92
337.803
-108.61
156.013
253.777
145.833
-288.35
-377.193
247.027
-188.913
-114.177
478.66
125.257
292.413
-17.8333
-31.7633
230.92
136.367
-378.507
315.737
529.23
-16.77
365.42
485.477
72.74
369.213
135.7
244.177
-79.85
-75.2567
-391.95
140.943
115.957
-133.317
481.903
244.69
-312.61
257.893
-222.78
-285.44
95.82
-279.153
146.51
42.9933
-309.54
-192.843
48.3334
-43.4067
26.85
41.81
154.57
-2.67999
20.3267
-410.607
-4.47668
72.1067
107.247
-465.507
353
19.88
248.553
206.15
-67.02
28.49
-32.1033
427.373
79.4967
-300.283
-449.963
218.84
163.997
132.03
433.833
-251.877
142.15
391.507
-115.607
94.57
230.103
58.65
42.3933
-177.06
-6.55667
95.7967
220.457
-183.143
-310.79
-40.1866
-246.187
425.933
146.713
135.32
-282.403
-117.76
423.077
39.21
-93.54
212.73
-322.39
-183.39
142.317
221.777
206.59
20.3733
448.883
338.553
388.443
157.39
639.053
-222.39
148.813
34.0167
-138.657
321.283
49.7267
-359.733
256.037
339.833
446.823
413.327
84.5133
239.673
-49.5233
233.977
-402.73
6.22
-146.777
69.2833
-348.073
419.333
-112.54
88.76
-37.4367
-250.26
58.83
108.567
-70.4033
463.247
254.083
212.983
84.1333
155.277
463.447
-84.7033
-331.77
-406.8
415.757
-210.197
400.29
13.37
264.963
-104.793
-395.533
49.4734
-184.247
123.233
447.593
-170.923
111.19
-367.53
-146.913
550.763
-154.313
-45.1133
-33.28
-348.77
-398.587
87.9367
-79.35
-87.4833
254.713
-153.237
117.653
-367.963
-78.4567
226.683
139.107
118.703
146.307
119.627
-220.327
-286.82
143.937
-128.38
41.05
0.559998
176.237
211.193
-65.9767
513.267
-28.2033
372.503
11.7633
-53.23
-273.433
-327.13
-254.637
64.6467
408.17
250.48
-226.283
-376.52
196.007
149.597
70.8033
52.9867
-162.59
-200.71
257.017
63.3267
98.2467
-504.947
-131.043
151.19
264.84
6.62335
117.893
-34.8367
318.73
-240.933
-291.14
108.297
230.57
383.303
339.817
513.857
-240.94
429.08
-400.827
-18.42
-261.667
-367.78
-231.09
-67.3633
47.42
82.2433
-124.44
41.0833
269.327
-296.553
42.63
159.42
-236.707
440.437
340.623
-309.113
-10.3667
-90.4333
33.1967
197.773
240.073
-278.873
-159.45
-441.867
-337.667
325.49
339.133
-155.813
117.407
515.353
429.39
86.6367
476.457
272.777
459.383
-79.7267
379.21
298.627
173.83
-524.62
128.617
-28.2433
-210.253
-225.937
107.58
-35.8133
266.53
354.92
154.78
-209.363
476.633
461.41
319.36
-95.28
-312.38
79.8433
154.857
40.6133
-433.843
281.223
375.153
25.77
133.67
135.94
-118.203
6.62332
377.65
-77.2233
-149.85
414.903
351.44
37.1433
-89.5367
-182.307
174.42
76.5
-32.5733
153.803
520.65
-148.57
12.9667
569.887
-101.22
-190.927
7.20001
62.59
-135.303
323.7
46.0933
189.367
-74.2233
181.61
-385.62
-235.597
159.46
158.733
-362.65
218.083
76.85
222.033
-423.367
320.43
394.9
-251.463
492.267
-180.003
70.4233
543.033
-346.43
311.46
-371.347
203.03
-145.453
54.48
81.63
-139.4
338.103
111.323
-269.747
-459.323
-196.13
-42.1567
-227.06
32.03
466.927
-283.93
261.197
-307.277
-48.45
52.3433
-162.873
62.15
74.25
-259.397
236.207
400.09
621.57
65.9567
-283.073
49.1433
-31.5533
121.633
-333.94
428.603
24.44
366
131.047
-331.013
-1.87
-305.557
-101.08
-14.51
278.317
115.987
-188.953
45.9767
48.7567
29.48
29.51
-359.03
104.393
-198.557
-334.5
-384.25
602.553
-233.833
-28.8867
-95.2233
-244.12
369.74
390.727
255.67
21.3367
87.9867
-295.343
38.5266
376.18
-142.24
518.34
198.767
240.187
-69.9733
-270.777
-183.14
189.647
-150.073
-403.46
600.853
-100.503
143.353
420.367
87.2567
413.533
-406.443
497.42
-125.42
-70.49
122.63
77.7533
53.09
-189.723
53.9967
-181.26
147.343
-149.947
-214.19
72.34
345.48
-56.0867
-4.01334
-87.4767
-152.48
187.243
-84.54
-164.28
-21.21
-267.363
-288.87
-57.9566
53.3533
84.2167
-339.73
478.227
77.8267
49.7633
-279.19
373.88
28.2267
373.007
43.86
-3.51666
68.6867
133.003
-193.257
-66.82
-253.443
311.483
-62.8033
-159.107
-123.213
437.99
-101.457
-13.6967
344.37
-109.25
-432.67
123.123
-168.493
30.4833
305.68
-360.59
310.037
-260.45
-233.48
-42.4733
351.88
532.193
-125.543
339.56
303.853
45.6767
566.053
-340.7
-114.757
345.417
42.9333
-228.373
113.37
-85.7466
117.44
430.477
-164.087
-308.863
-279.067
-154.377
86.9533
-215.607
-160.14
113.747
-117.93
76.4667
-217.93
156.627
55.28
-414.07
64.72
305.767
-153.663
-169.88
237.34
292.27
-108.957
-45.3267
-387.63
-291.89
-72.0533
-204.22
249.053
-44.4233
287.103
-47.7567
-371.293
366.747
-48.36
-40.2367
-217.45
70.96
39.7433
356.477
-114.897
-287.81
473.733
-98.48
493.973
285.55
-5.85333
-147.72
-6.41
-33.35
-44.22
-428.083
500.787
-34.0333
-327.683
178.733
-33.3633
184.08
21.21
-256.173
-361.473
-40.41
126.41
135.52
-96.8933
-22.39
335.17
278.127
-307.233
-231.767
457.253
402.36
111.113
79.2733
365.997
28.08
-65.49
292.67
12.5233
-379.43
247.917
-158.46
272.543
-525.49
301.453
459.993
-70.49
-131.89
316.603
309.173
153.277
302.43
-8.36334
-468.763
308.957
556.433
461.257
82.4467
496.887
-46.4467
317.057
64.0766
556.333
410.29
325.25
27.3167
11.3267
159.437
-88.7133
280.56
378.53
212.03
-279.69
-315.127
-211.83
-144.503
-123.203
-239.343
-93.22
303.04
-158.387
233.82
148.597
328.317
84.9367
438.91
256.453
-276.407
113.863
463.033
111.007
-122.883
-482.787
173.6
45.3567
267.897
389.54
170.97
572.173
53.4367
-334.963
-248.89
-332.663
162.533
-239.047
288.74
-157.383
-5.06665
65.0033
168.797
432.073
-21.5467
69.3067
-164.66
432.357
-174.903
-48.9533
-82.0467
-8.72
241.6
238.383
81.9333
-110.52
-206.97
-93.6567
-87.2867
325.693
463.463
2.04333
-131.3
-11.1967
68.6933
-88.9367
117.667
-105.273
137.893
-191.433
206.137
-26.3867
101.247
-97.96
326.1
94.21
-371.55
288.257
356.413
282.837
161.747
551.017
392.097
245.793
-145.56
300.88
-77.6233
598.743
46.2367
547.693
-192.717
122.713
-207.65
226.283
281.277
-30.1933
72.3033
-109.887
226.723
-254.927
-233.71
11.8633
338.36
428.803
109.757
335.3
567.29
-278.883
260.137
169.253
-73.3033
234.413
31.1933
169.877
298.23
-377.537
74.41
368.107
257.7
1.62
-55.92
-96.24
110.13
182.423
-164.93
-331.873
-325.047
-124.61
204.42
99.06
180.87
-76.5367
-68.0667
-190.473
330.67
90.55
-426.447
-254.647
189.43
304.563
532.31
-343.773
444.267
111.537
256.227
-122.06
312.41
-490.957
393.16
-93.93
105.027
175.303
268.407
-13.0333
254.797
322.423
42.33
-62.8833
-243.423
103.427
550.597
106.293
-299.55
424.933
-392.32
5.62665
429.007
-138.103
-370.513
171.897
291.807
378.753
-186.27
276.817
-70.43
-97.5133
-360.987
253.96
-36.1933
474.047
-79.9633
401.55
393.007
84.0967
217.28
-84.8933
-51.9933
196.477
247.123
76.0833
-115.327
-95.0966
486.407
190.23
526.49
97.7533
223.93
-70.3433
387.86
-173.303
-60.15
104.763
62.3033
-375.227
-178.517
8.86
-265.447
-131.417
-14.6133
74.4533
37.7
191.5
3.50667
-99.45
248.047
-270.1
244.923
-156.243
261.76
277.52
336.95
-489.927
-418.397
333.04
97.39
465.43
-132.917
29.2833
-448.067
-160.443
453.183
-422.763
330.797
272.857
-164.387
181.253
-75.6633
-56.8567
-263.52
107.297
315.97
-81.7733
-482.867
-223.947
299.013
-110.153
-165.803
43.06
-13.7167
92.2567
-189.583
110.127
-292.08
-315.153
-46.5333
201.923
-476.287
227.237
337.033
487.627
223.64
375.483
-275.947
-147.267
-81.55
476.787
219.53
-18.3333
-126.657
351.227
-23.4267
-321.51
-75.62
200.183
-375.71
-39.8833
407.433
-164.553
243.937
-66.7667
550.947
269.993
321.36
58.03
-4.78668
462.38
-241.96
455.55
-56.8133
27.1533
127.51
-498.13
119.563
-170.65
303.313
-300.607
276.587
243.96
-308.1
-36.8467
-307.423
-79.1433
-213.98
-228.063
124.98
406.86
543.703
110.693
-124.98
350.24
330.62
-433.843
372.387
40.95
299.777
-6.61331
-60.4767
448.517
210.703
-201.227
-360.9
-184.103
105.727
180.013
-94.4833
152.04
88.5833
-143.64
521.367
-78.9367
-47.19
462.16
-102.32
234.4
407.48
321.277
-225.467
-139.093
2.30667
195.603
268.693
-191.997
-14.8233
363.737
450.927
325.27
271.5
61.5333
83.7667
-57.8233
69.18
-59.8167
-101.473
-401.23
319.67
114.18
520.4
72.31
-128.05
462.143
-67.21
346.287
353.907
-96.34
-251.807
-129.637
-29.35
-105.193
-468.003
233.347
-67.7567
-199.693
-176.05
23.1567
-82.15
88.71
-15.3766
22.3467
52.4433
25.4367
260.94
61.44
2.73001
130.76
97.0267
418.77
325.78
-99.7867
336.21
-97.3
63.21
-37.8167
-79.22
-99.77
-26.16
-65.2333
415.047
411.077
373.587
173.83
111
300.75
-82.6467
-15.1067
-1.48
24.8
-89.6
-492.363
-135.407
52.2867
59.26
-297.303
-187.537
12.88
-138.653
222.227
-225.99
-121.75
281.357
297.807
-472.703
228.823
253.01
242.52
-234.667
76.4267
-88.1033
181.95
-43.6567
-111.073
292.117
491.267
313.643
95.72
32.89
334.837
-98.25
425.84
236.05
-12.3033
490.423
79.0933
-438.323
494.683
537.377
40.7867
-231.857
120.98
-384.23
-215.22
288.96
-63.3133
179.42
-56.7833
195.773
294.75
-215.877
-89.2167
557.41
-219.837
89.1433
-113.753
313.56
125.397
198.183
33.2233
-137.36
162.547
-319.387
146.153
21.2733
-107.55
-195.927
367.49
177.843
-183.953
-188.957
116.357
228.52
-321.303
253.99
-74.76
-40.28
231.893
-45.3967
-149.997
137.503
366.55
349.377
241.56
60.55
-224.25
182.213
-363.08
-121.707
47.5033
-122.507
145.887
28.0967
36.5733
82.82
-92.09
85.43
43.05
61.9467
-73.8433
522.163
269.647
-21.3867
-62.2933
54.8167
3.24002
-137.253
468.807
488.477
-186.76
-153.587
-66.0167
378.77
-4.37332
31.1433
104.65
-97.0467
286.757
95.8233
-478.237
119.807
191.263
-44.0933
-243.647
-323.913
143.177
272.34
-276.75
101.07
-104.79
-357.037
221.333
465.157
-74.5433
-164.567
-87.0233
-138.337
290.98
-161.693
0.859985
-261.263
-13.5333
575.223
-311.477
619.417
521.947
293.953
447.483
-17.5867
65.79
291
-133.017
-176.867
-110.42
-109.04
98.78
-25.8
395.51
232.333
-231.843
-204.657
-276.027
257.4
-284.53
-177.317
294.093
-130.213
-41.26
-446.28
-97.87
102.377
-326.38
216.063
-290.93
-33.0467
-136.987
504.647
-264.447
-182.94
196.8
-404.02
432.293
191.073
616.453
-315.14
59.1833
-149.923
-268.74
-149.137
215.227
-217.907
-491.307
151.5
-250.307
-152.777
420.997
212.893
-226.793
-139.927
264.647
400.903
436.053
303.58
-507.563
220.867
-40.8167
52.8033
-49.1433
-265.677
-368.213
174.243
299.977
-266.23
29.7033
-398.293
239.49
128.383
-404.017
383.057
-2.86002
145.953
280.09
-330.67
-333.047
22.89
28.9034
-95.72
254.267
359.397
-17.3633
513.013
201.15
-95.06
51.4467
-291.7
-45.8933
-35.0533
-196.567
-249.113
46.06
-189.46
-251.68
372.4
-316.25
238.96
286.71
-306.09
-227.73
102.66
-37.1033
346.59
109.837
-212.067
-97.4967
41.07
364.363
501.943
-419.533
-318.757
-83.0667
-85.7
-24.6033
405.457
67.1333
-8.87
347.71
258.917
-28.2466
42.4767
-326.157
546.273
297.39
433.123
-322.507
346.907
-49.1066
-301.367
-153.253
382.527
-349.773
31.1433
55.87
-146.397
102.03
53.5833
-130.523
6.61002
-189.177
5.13666
-228.327
-531.507
-162.433
113.39
169.817
25.7667
325.313
454.847
29.6967
-307.397
-176.243
-427.007
275.477
264.883
143.517
45.7833
-387.613
-239.943
28.1467
-187.127
138.467
-219.787
254.123
64.2267
27.0633
-382.337
-48.29
-128.67
148.81
-287.027
-15.4233
-47.3833
-378.617
266.317
171.723
171.85
274.323
26.0767
73.0767
-382.983
150.593
-266.69
280.037
352.14
-144.2
282.447
170.05
205.253
-308.58
185.593
-447.817
370.253
-194.677
-450.503
162.553
79.2333
83.1067
188.49
128.46
-28.14
107.53
17.08
-249.12
71.5267
-158.527
-37.89
-71.9767
342.44
-57.3933
-416.007
-117.63
440.573
-38.59
521.19
-19.3867
188.79
212.167
281.81
143.413
447.497
107.677
193.597
71.1467
12.4767
-379.387
205.967
302.417
8.13998
-60.71
-123.23
-45.0933
-61.0967
-286.6
410.597
432.653
143.627
-3.01
211.533
26.5733
58.7833
-461.55
-102.21
52.0567
481.82
78.4633
284.927
132.257
332.417
138.14
-218.147
-115.417
35.4833
453.48
156.28
566.387
-161.17
-24.5867
-83.1067
16.8967
-53.28
20.7333
-112.43
9.86334
-42.95
-246.553
112.047
-306.333
-213.143
362.907
103.423
131.377
-317.097
26.32
-401.033
280.323
-245.417
189.647
366.223
576.517
448.71
229.577
212.977
-293.89
362.027
266.53
-154.82
73.87
238.69
4.61667
399.397
232.89
-63.84
261.143
388.393
271.32
46.9767
195.42
-294.64
58.27
421.34
-151.127
92
397.93
177.573
-196.137
-114.217
-7.83331
621.127
255.923
85.9834
-428.9
-69.6733
44.6633
1.89999
193.597
-74.4867
-314.713
178.7
196.313
-91.65
-9.94
-288.477
184.333
399.877
-6.66333
181.333
116.593
393.21
-248.963
156.703
391.783
26.6133
368.26
467.58
-55.86
-279.693
-55.2067
-64.1233
-21.9633
-509.15
183.617
239.75
15.79
299.847
70.0133
-76.41
-306.49
227.987
213.553
-273.12
-248.713
329.417
-277.95
-429.643
252.043
177.6
243.323
526.163
69.8033
-75.8167
-192.01
411.55
269.44
22.8367
393.85
373.66
236.21
475.333
48.2367
-144.747
99.91
-72.5467
370.633
148.48
168.367
294.53
409.95
261.623
102.137
313.98
23.6633
63.4467
341.503
-347.927
28.5
-109.207
-439.317
-88.7833
234.73
-321.153
-54.8233
25.92
279.493
125.41
304.147
137.16
91.38
209.797
282.833
-144.423
-13.54
23.0067
274.317
197.197
67.96
61.5433
-238.957
126.2
458.817
43.4133
-343.28
483.99
73.2933
-241.557
347.57
122.49
153.59
-13.0333
-198.197
188.087
447.38
100.647
485.29
172.98
41.0667
100.587
71.14
42.11
118.12
320.933
-306.657
134.53
-95.31
326.713
144.833
150.12
-108.123
-153.933
109.89
-47.9
211.707
-10.6533
-292.55
-108.187
-45.24
385.633
61.5433
327.777
-276.213
-226.243
100.063
-316.02
214.14
47.5233
-243.26
-105.46
316.547
-116.64
183.363
10.9734
-452.387
-94.8133
-11.39
-73.3867
221.29
162.403
-481.197
-199.943
-360.473
297.557
-35.8633
-15.91
373.69
-327.007
-197.733
-69.7333
-357.323
-140.323
267.01
111.153
276.977
-233.19
-255.987
296.973
14.8367
233.1
140.5
-24.1433
-127.717
385.263
-439.31
371.66
347.787
-146.37
231.87
303.77
98.4833
619.183
115.047
416.997
364.133
190.837
-233.98
160.907
284.513
33.23
-128.563
-246.94
40.1033
409.7
54.5167
-83.4533
-198.77
-119.03
-284.78
156.76
274.607
114.883
-296.83
492.277
41.34
-48.9133
126.73
-459.46
281.47
-89.54
-22.07
-119.543
391.557
-217.633
-225.15
157.973
115.19
-333.933
121.62
148.29
-6.15001
643.603
227.45
206.91
138.577
-49.6133
316.823
242.517
380.62
85.7667
-260.897
506
271.78
188.007
279.593
-173.907
136.237
-70.7333
-400.083
248.55
115.15
-16.2333
146.883
-380.553
-392.623
-57.4833
217.037
183.697
55.1533
-98.9367
-165.223
103.433
152.17
476.917
254.417
336.26
76.5667
-53.7867
35.3367
222.273
-106.063
77.57
251.06
20.5233
-114.643
128.377
-63.6167
-90.5733
179.28
84.5367
-96.1367
-180.153
14.5867
-291.503
-252.633
101.18
-88.0867
495.683
47.4733
-147.293
527.253
-165.51
-51.5233
128.987
153.823
-237.947
46.47
551.017
47.14
387.227
-6.42333
354.413
-120.867
44.4
-115.72
52.2533
-404.837
540.44
-37.7867
326.087
247.54
-91.5167
395.35
-325.46
200.137
85.01
-300.53
431.6
-78.7433
18.72
220.403
-111.19
290.997
98.0067
-78.0767
-273.22
-6.10333
530.2
298.383
441.7
-466.59
225.693
46.7067
427.503
181.083
-317.37
166.463
-176.85
481.697
226.277
-484.05
-50.1167
363.397
-288.023
158.143
-460.153
182.237
311.367
213.38
-119.537
381.487
419.877
-112.197
87.44
454.223
176.473
-403.393
-345.18
-168.67
-48.0833
-97.24
308.953
39.1433
-111.49
322.96
-261.407
-283.713
-382.87
386.107
29.76
-33.5667
445.637
-113.647
112.23
-51.5133
188.093
296.637
289.74
181.24
77.17
243.05
175.13
-91.3634
-379.32
113.18
-29.0633
213.267
46.1333
179.353
70.3
98.1233
58.31
209.79
-147.423
-154.077
403.307
-196.367
479.31
186.517
308.933
-332.063
3.23334
-105.547
109.9
-204.67
342.303
226.72
-99.9266
-105.4
340.663
-292.47
328.103
-438.237
-179.207
13.3767
-33.71
48.5334
-9.90001
129.857
393.337
419.393
-125.623
-248.29
-123.183
112.073
28.56
-197.807
-315.237
36.9033
89.7933
-37.9133
526.003
249.573
-215.207
-128.23
478.78
313.15
-431.493
73.6367
87.13
56.44
129.737
183.007
-338.46
181.857
-1.35669
-251.297
-294.123
101.913
322.593
-53.5033
-444.017
212.847
425.733
-11.3167
237.087
-350.957
318.247
592.523
-147.26
113.33
215.523
-456.72
-472.123
163.48
453.233
-4.15997
-191.74
-275.15
378.4
-51.4767
-141.36
521.233
367.147
25.79
333.87
-89.4867
-239.98
188.317
-235.35
189.98
217.717
-321.257
-32.0067
-380.373