-4291
4
2832
7220
-1634
10833
8866
994
4404
504
8630
3913
-1828
10029
-3643
6476
10488
8225
7116
9932
2812
1354
3066
6277
-3134
10724
10285
-1100
4642
3637
8476
10364
4551
-107
-2731
1417
10171
7981
3563
-2447
10181
7806
4841
6499
-4875
8229
6025
5499
-2562
5342
-1237
-2959
2245
6216
7935
-384
9654
-409
3719
7289
7771
8558
697
4031
-2253
2368
-2679
5714
7608
1964
-2041
-4538
-3900
8577
2532
10212
6296
7747
1690
8065
9146
4153
4332
6577
1664
2861
-1012
6563
4201
-1685
1565
-4279
10930
-2925
3416
-2244
-216
-4466
-2670
-1959
-1220
9433
-4001
6316
-1962
3209
10254
-2409
7661
9616
5984
2473
4308
6461
6007
4177
1109
-638
8969
314
515
5371
598
-1936
-820
9259
2912
6592
336
-2041
88
10982
8431
-2886
-4777
-24
3363
4255
-4527
8127
8600
-4590
1604
826
7409
-2704
10420
7069
2028
-432
-549
9868
2093
921
5277
7600
5459
956
-4936
4623
9168
7604
71
704
-2057
9047
-291
-958
468
5962
1173
1832
2373
7253
-3156
2427
10430
6616
1420
7897
5743
6942
4077
3425
-1777
8531
-1193
3669
-656
6095
-182
1140
2770
4125
3266
9264
10877
5047
9431
-1149
-4464
-1261
-1217
10906
409
6108
8834
-3915
7136
-4991
5605
1360
-1018
2421
2854
3457
-4784
2221
4845
4261
1352
5613
-515
-4298
8190
-3895
7346
3070
9131
6245
425
-524
10242
4224
-582
6364
-2753
-4814
-467
7344
9855
3058
8489
6344
3412
-676
-146
4405
409
944
7495
-279
-891
-4708
441
8605
4730
6592
1667
2419
5544
-921
4801
7259
5581
5915
8174
-1357
7133
9310
4500
2484
-3132
1971
5565
-3447
6280
6746
8749
6978
5395
3045
77
2279
-1587
-1305
1896
880
3954
5259
3863
-43
-1637
-699
1026
-255
5277
1773
7361
1004
-4582
-2454
3361
1289
-2217
10185
14
-1186
-1467
-3205
3276
-143
4322
6099
1895
-4246
4939
5461
-2579
3064
4745
8240
4956
9453
2475
3208
8406
9517
2840
4217
3741
589
8098
5339
1339
-2953
-4770
9535
6528
-1397
3763
6721
-464
8461
6067
3075
7166
1083
9766
1772
3892
2428
3948
-4167
8245
1795
-124
3640
5542
7592
10342
3533
-2712
5661
-2662
8378
-3511
3780
3332
10780
-1286
218
-3330
2489
4933
474
6826
635
5623
-1379
6148
3124
-220
6215
2494
10797
7180
990
9033
8282
-2599
4026
5808
5998
-2804
-3163
-4053
-3569
-3532
6716
5999
6377
7401
-2155
2891
-2326
5999
-4447
2289
2373
9918
2780
2448
4792
5157
-3300
-724
-4717
5962
4166
-2777
3066
-682
-3156
2590
-2718
5870
8622
6907
3811
230
-1117
4168
1710
9393
8319
707
2395
-4198
2094
5935
8809
10681
1856
9201
126
160
7369
-2726
375
1238
-3963
963
4767
392
7107
-1705
7990
635
-131
-1226
-1091
1860
8516
-202
-911
5946
1764
1036
7316
10540
2756
-499
1388
6992
6798
6349
-4976
6524
-2032
-2573
-4387
-1128
-29
7109
-4530
1620
9545
7557
2415
3094
-676
9344
9893
3510
4582
-4126
-2244
6766
5259
208
-354
-1524
173
-1485
6490
8682
-1392
4943
10225
7584
-3779
4764
10704
-2823
-3547
3925
1042
-4701
1927
-1971
5780
9770
7315
10753
-2523
-602
-4912
-3597
9879
-1227
699
10424
-2560
-3293
2481
3527
-583
-271
-2290
3740
-4817
9973
3352
6271
8276
5214
1557
-2915
-3341
92
2756
3160
8238
10398
-2709
7781
1986
10108
7243
6418
-3447
-4364
7101
-1943
-1471
3930
6551
-1420
1170
7627
-3887
-162
-2737
-2075
10086
7493
-4107
6194
5243
9666
2809
9961
4039
7120
-4665
3930
-1879
8912
10757
1053
8992
-793
-3431
1175
601
10893
-3476
10905
-2007
2273
-3092
2787
8479
9277
10072
-1196
-4879
-238
-4426
10077
1824
622
5291
-3534
1753
-2597
1380
-1466
8728
4205
6903
9718
7316
-2150
-3119
-1278
-4778
-180
646
2756
-82
2228
1487
-867
4289
-798
8531
-2259
6658
5906
7206
4037
8266
10314
2447
5533
-2623
10529
5775
-4407
1919
4193
5918
3945
-4367
-4783
-1864
10529
8575
-1331
-871
3913
8941
2328
9925
741
7678
4466
-3895
6998
2398
1772
-2103
-300
-3646
507
5169
10387
-2104
972
2384
4174
4389
983
774
6883
6401
-1097
-3624
5593
152
9912
10284
1931
9646
8242
-1070
7200
-865
-4971
7106
-1862
8016
-2233
-3546
1904
9294
-1622
5657
9853
-2505
8833
-468
-3911
-1580
7156
817
4809
-3960
3826
3637
8595
-1428
3126
200
6902
7354
9132
6913
9782
-4499
4728
6853
2621
6686
4555
-4921
8705
-4421
-1790
10187
-4415
-1837
6635
175
-1163
5713
867
9644
6533
7247
4394
9818
5432
4802
-1168
-2189
8047
-3109
-4049
2905
8210
5037
7869
6746
9674
2323
289
-333
9842
9420
-2010
4817
842
4327
3759
5727
1130
1256
-4789
-3841
-2
5152
-3193
3279
8750
9697
2956
-4937
2654
-4651
10976
3171
-3815
5290
8335
-1271
2888
5107
-2318
-2959
5033
10315
10051
4150
3708
10682
7544
-2235
1663
989
5457
8878
-2789
9922
9524
1308
5342
8465
5297
-2020
-3922
7793
-3095
4134
8629
-2005
-3817
4060
7455
-3576
-4766
2189
3982
-3585
1660
5629
7105
-108
-3349
3560
7578
6906
-3550
10563
3781
-1539
8789
2887
8754
668
-4470
10664
5571
10490
-2702
-854
8909
5238
-3591
9304
8632
-4070
6174
-3445
8073
2226
3965
2480
6018
10428
-2766
-688
1702
10888
739
9288
613
1175
9874
3161
9743
8520
-196
-1306
5386
3509
7202
-4745
1607
3927
-414
-3193
506
-3984
-1718
6515
-4096
4138
1516
472
5797
1659
5237
6150
9612
10701
3517
-4799
-4256
3675
-4457
9436
7516
9822
9842
9563
-1563
6891
5923
10904
-241
-4846
-9
-4242
4299
9044
4368
5073
3295
-1104
-4493
3453
3861
4762
860
10127
1328
8465
6614
2236
4515
-2160
-120
-4523
9733
3495
3538
2705
10177
-2590
8089
-241
10378
-1166
7776
-1639
-1001
5644
9496
-2775
10509
3597
6071
-4953
7991
7647
-1906
9463
4093
10654
-4264
-837
4626
-3713
8464
-4019
1265
-4888
8198
2703
-3581
4582
10289
6889
162
8766
1734
10896
6724
9186
-247
131
7792
9990
2914
6491
1268
2194
-4811
70
5594
-3141
7532
-1464
-2154
1900
7893
10572
9734
9069
4531
-2851
1045
187
-3568
10285
10558
7101
10832
4950
10426
-230
-4980
10346
9841
-2587
7452
-2266
9140
2556
8950
8320
2734
2095
-1480
9452
-4457
4004
1792
1500
5676
-4358
4355
2180
-1699
7213
-547
2400
9926
-2887
-90
-4104
1120
10242
199
7651
8567
-1677
8972
10634
1118
10086
6907
7216
1635
-1341
7395
6318
1917
-1811
-3657
-4221
845
7002
7197
778
1732
7680
3011
3085
10145
4728
-783
-2818
-3809
-1058
3685
-1543
3565
3830
-2596
-1003
3549
1173
7148
220
1631
-1729
7192
8855
-2766
2318
-3547
-184
976
2898
10922
2938
2484
2047
10856
-2116
-2759
10691
8409
3564
4321
9718
-4339
5170
5944
7096
-2383
-1461
5143
3413
-3984
2959
9741
1003
7421
2094
4890
5456
9584
-586
4253
-3795
-430
729
2065
-1424
8692
1270
757
1633
-4986
5581
-3446
10386
870
-3180
1729
9470
1589
6454
2674
3433
10414
-4016
-4271
-4721
-837
-389
7582
2170
10689
-3631
1310
5683
6589
-1230
8519
9499
786
9407
9917
540
9503
7847
773
5500
-4458
4140
2929
-1646
2703
2013
986
6303
5201
7076
1047
8945
9978
-3707
-3927
8534
10047
3109
9527
7208
2066
-246
9019
2250
9957
-2142
6394
5051
4686
10757
5688
5883
3404
6782
-2002
573
-4249
9801
53
8889
2561
9111
-2876
7133
1760
-1192
5792
-3414
-108
-2248
5202
-4518
5496
2155
-1195
-699
8217
5413
-1390
388
1080
-3986
8077
10328
5033
-2668
1376
-1467
8167
3712
7913
10499
10466
7726
-4159
10393
1816
-3336
-3603
9406
9316
4114
7383
6155
3483
1756
-2049
-3376
4435
723
3437
8898
3078
8935
-1684
7895
10201
-1931
2419
-4236
4021
1420
7907
708
2848
2420
2294
-3606
8391
7917
4983
-4260
-164
10172
10031
-4601
2335
7653
4128
9400
5439
1201
-3337
10043
-1055
7547
9914
6853
2
-4567
1994
2447
-3205
2676
-4731
6596
4962
8687
-1972
-4836
1305
-2366
-4828
8906
2591
829
2624
7574
8237
9486
7073
10306
5377
2121
-1645
4409
-4878
-2510
1378
5735
4555
5561
8656
-1183
2142
3777
4540
-4791
-4914
4646
6569
9080
-3150
10494
2657
8658
-2087
6686
-2445
-4613
-4754
10208
6888
9527
-2110
-2781
3499
-2302
221
-3052
7116
7813
4704
8748
8170
4528
2824
-2437
-914
2337
-1008
-1118
-4873
-1598
-4806
6951
-4974
9018
1457
7270
1202
-4859
3595
10081
-4259
5982
-4822
9158
296
735
5198
6183
6366
5097
1380
-1781
10756
10823
-224
7720
-125
6797
-2996
-4626
5660
8517
-4388
8775
-4832
-4020
-3633
-4965
-2846
1018
10922
5148
6635
3330
7397
9530
2927
-3304
3181
3700
1665
-4903
10243
-1573
3845
-1174
9808
4944
5475
6615
1707
-2675
7809
9926
320
2277
3570
-4660
1113
5835
10219
-2146
10739
5527
2168
-4506
1556
-1145
493
6645
5471
-1147
5918
-4705
-27
-4312
1618
2787
3901
5246
6517
4553
10711
3338
-4338
8719
-3828
3848
-3982
1033
121
-4489
8118
4542
-2033
2650
1771
-4394
6629
6581
10372
7231
7245
-929
9627
-2558
6575
7544
8407
-2695
1681
5945
1700
9641
6644
9707
6061
874
4199
8891
7432
1092
-3624
10541
1325
-610
934
493
1710
7065
6907
-4916
7329
-2245
3553
6028
9826
-1975
778
-1068
8056
10101
8179
2439
1620
2881
4400
8124
4290
5018
-4995
-4348
794
457
-4582
-910
10293
-4471
1374
-1191
7846
5239
1411
3670
9642
-2125
9153
5010
-551
-1732
2336
-2749
7328
9249
-4468
1138
6641
2776
6188
6272
-4681
9835
8434
3690
-3312
-4130
-20
3021
-1610
-2490
-3870
-3036
1343
3001
7714
5337
-4729
366
5908
8316
10730
3365
1559
10062
6967
1473
3588
6530
-3744
1333
-3818
5699
10870
10660
1904
2809
7764
4044
883
-3641
2971
-2533
984
4569
6495
3491
-3585
1245
161
1591
8326
10319
4731
9547
5014
10618
1698
-2146
7298
4413
6795
-4705
9876
7946
-4894
7182
-226
-4813
7502
-1574
5974
-1943
5834
7892
-408
-1922
6894
-3710
2373
6250
5469
5331
1851
1941
119
245
2761
-429
9165
-2941
-977
9133
2647
610
3019
8416
-4119
5742
-4956
10021
-4252
5202
5824
8762
-1238
-76
9021
-1509
-3500
10012
-2533
-632
-730
2953
3037
3414
9922
-2836
4947
8799
9757
5172
4532
-423
5040
9028
-4376
2505
8559
-1265
-3412
9047
-2817
8827
9560
9283
-2012
-3704
-263
8119
10105
-2761
3367
5313
-3612
6182
-2155
281
4935
10744
3681
808
8315
-900
2997
713
-2436
-1267
10255
-3760
2654
2743
220
846
-4217
-2277
-4667
10123
-3040
9622
6091
8286
10564
-3171
10004
-2278
5628
1389
7175
6630
-914
7392
9624
2097
1360
10401
4702
2053
4641
3716
4203
10110
7963
5167
1628
6546
1894
-2946
7087
1947
-3193
9637
598
-4077
1567
2839
8328
-4835
9945
-4697
1503
1093
-99
7790
2464
1031
-3069
10220
7636
4887
9995
-3598
2849
-3240
-4334
-706
-3626
10286
3455
7016
6719
6649
10176
1662
4419
-3487
-2831
-1172
6316
-2863
3042
-995
3011
8382
6972
5351
10914
434
10747
7589
8130
10115
7711
4254
-2468
3302
-3543
-1234
-273
-4185
-4290
-2524
8988
7983
8625
-2328
7355
-1456
3491
7394
-2264
62
3840
-3303
1756
986
-4810
-2538
-60
822
2977
659
4688
-3882
711
9170
-1853
7475
2246
7109
10066
6662
-500
10105
10607
4165
4934
-2003
613
6119
4251
4804
9377
-2708
7705
-4770
5201
-2528
112
3779
-462
-1123
7006
7936
-2015
6420
747
852
379
1477
-4906
-563
-4830
2901
-2738
10542
10848
7873
5860
8084
8042
2350
8002
6362
2756
-4125
2455
4280
5451
-3047
-173
692
10257
3442
2201
5042
3811
-1978
-2832
4205
-1360
6438
2107
6284
2704
6681
-2964
1164
9239
9646
10613
5732
6130
429
-1407
872
6710
-1747
2657
7406
-4749
-4150
-2745
1329
-631
6583
8378
4723
7356
7540
4160
1637
5898
9177
7778
-2998
4027
3933
-2607
6618
7866
16
10849
6630
6308
10860
4541
-3653
3103
6095
-1443
9288
2286
2368
5684
8323
1473
-5000
5801
9609
-4015
1831
-4796
-3708
4142
7148
7344
10833
1615
-4571
8802
5987
7539
-3852
8973
-1182
2345
7156
-4638
7065
5288
466
4856
2959
5349
7552
-2300
-4494
1892
1087
717
9917
4942
-4635
2916
-2414
8389
-2206
4496
-4634
-1420
8958
264
2156
-4375
-1570
-2459
8223
6952
9677
469
4041
-3592
7360
-1003
4104
-127
-1776
5786
8518
4505
8463
7057
1749
6107
-2375
4741
2901
1144
5192
-3097
-681
209
6380
-86
1980
7750
2647
-2610
359
714
4093
8577
-4972
9400
3229
-2656
-4
-533
6524
3428
-570
-2553
9844
1497
1565
6300
937
1426
-2407
-528
3874
6685
-1947
-4335
10871
-4815
286
561
2278
4273
-4609
-2377
3087
2762
10048
-4079
7924
-4228
-1738
3144
-2869
8773
7356
2647
-2061
-367
-1061
10686
9405
4083
6051
6225
-3463
411
2522
9047
8618
-1656
-1831
-2736
2966
7158
308
-2155
2951
5403
794
8487
6989
-3689
-2054
9794
-3197
-1496
10607
10288
10388
-3427
6101
-4635
7679
1422
7868
6216
-426
1866
-4735
-1201
1419
1553
1461
3789
8046
4229
-1720
-112
10226
2010
8293
38
-1105
-3499
148
3712
-3921
8435
10534
-4422
-1309
10344
5334
1850
-4750
5452
5675
4346
10303
-3951
-994
7069
2850
1978
4730
-4144
2547
2886
6535
5964
-1708
626
-4757
7605
-4956
1567
-2616
1835
339
145
10923
-1248
-4125
4185
1574
5992
-1372
5782
4539
5007
5438
9177
7291
10350
7798
9445
7280
-1024
-1103
3745
184
1395
1845
5191
-4620
4475
5296
9949
2528
6508
9212
-4121
7362
-2170
-3936
-679
5642
3347
-4839
2386
1327
-2384
8922
-4088
2785
3304
6930
7550
-1315
6918
7982
-898
8226
5676
2591
9413
-1592
-3040
1374
-3465
36
5480
5933
9182
-2120
3093
9376
9423
-52
5349
5211
1770
-4653
5380
8093
904
6038
-1231
4989
7021
3725
-2294
4084
8006
-754
6943
-3685
2896
-467
7630
2230
10966
-2980
3144
753
-2338
3539
9846
8555
9379
4020
8836
-16
6340
8942
3763
4748
-3521
9954
9459
4796
10650
6212
691
8711
9183
-4283
9207
9645
-2220
-2066
-3158
8510
-2209
4944
3766
2000
10063
603
-2350
-3192
-1476
10507
10522
10467
8266
3656
487
-3153
-3050
-3442
725
3420
-1174
8398
-4054
6769
6580
9997
3416
-2078
2101
-942
6749
-1279
7550
9159
-1448
-687
6424
4375
-2610
5507
2180
1941
9296
186
-4382
-4696
6598
-4720
9844
995
3328
-2463
9543
4334
-1899
-4675
-1879
9263
-3605
-1603
-2338
-3678
-2542
132
3993
-2166
-4652
10876
3620
1360
7443
-288
6112
-3553
4684
-3716
-4234
4440
-136
7097
1604
-1240
669
-4396
7322
6514
5278
3438
6185
-655
-3622
9801
9399
6179
-2067
2641
8086
-1439
345
3417
-2345
332
9676
5416
3773
2031
-3145
4147
-2324
9118
8614
6573
-1813
4004
-4913
3390
-183
2461
1389
6798
-2406
6431
-3766
-3826
7078
-1248
3864
9839
-286
10517
8969
4976
7070
-2728
6044
-3228
127
-180
4919
-4762
-850
6595
-3336
-4618
1236
2463
2501
7206
3518
-327
3371
10022
-3611
-2945
6245
1171
-235
-33
-4037
6245
3040
6763
-1779
8907
-3236
-4042
-3537
10395
7823
8062
-2441
1567
6820
399
-4845
4126
6371
227
10531
6676
10977
-4852
-2051
-578
3828
9176
5330
-1312
8426
7721
5500
4543
1146
-4050
-3954
5103
5242
2610
939
-1708
-43
-176
-4835
5219
4916
329
422
-2902
899
10807
7440
-1265
9111
5859
3340
7005
-1620
2802
5051
9468
-3442
8646
-2298
640
1561
9381
-974
-3226
-2461
-3052
6201
6170
8375
5126
2002
59
2502
2618
-1583
-476
-1893
2529
-3400
8866
8139
7041
7554
-3829
-267
9366
2375
499
1258
10878
6655
1075
7331
2710
3620
439
-2178
-2271
767
-2574
7075
7274
8509
10032
708
9772
4290
1554
4498
-3155
1854
-4909
-4123
10671
-1146
8785
3257
-1651
-3557
3912
5988
-4712
400
10848
-4351
-52
8458
-3605
7855
10148
5417
-4379
-1670
-3772
3463
6857
-4971
-2206
4510
5502
1491
6623
-4145
10283
3274
-72
829
2870
-1697
-3812
1507
-3449
742
-4514
-2464
-1649
1694
-1010
-3954
-4216
3172
-3101
-4518
4479
7336
-931
-3881
8335
4259
10664
1804
-4624
-1215
-1982
4494
5554
2279
-1440
3028
-1855
-560
-1393
1223
4405
2646
3350
1687
-4027
7389
2085
597
5528
3969
6952
9791
-4288
4500
-5
10071
-3958
-4912
1861
-842
878
-3767
9373
2472
-4370
9503
-14
-2449
10493
-2318
9514
-2580
-1827
4894
-2039
-34
-2035
1575
1366
5897
-2909
5742
-2759
8957
-1865
1447
3559
7084
-833
3212
10368
1349
-892
4433
1847
961
7783
92
3893
9530
4719
9263
2105
8571
-2301
9510
-3329
-1955
-2961
-1690
9324
-2093
4782
-3948
10974
2619
8553
3784
3432
-2432
8378
-3014
-862
-1058
-1612
9667
7257
-4991
-471
8326
-528
1111
7330
-4371
6528
4253
307
-3884
5568
1853
-1166
5633
-4437
-2473
9158
5596
-2974
675
3933
8798
-1592
10106
-2048
66
627
-2772
1675
8962
-2997
10774
9528
-4988
-3349
-1292
10523
6678
7752
4987
2931
1936
2708
3107
5919
7265
-2718
8001
6383
8365
10376
-1187
5405
6994
9164
7619
1947
-3058
4028
5588
10383
6266
-3626
-1887
6684
-4670
9329
-1482
1123
6287
-4901
697
-1718
6725
5187
9784
1021
-2324
-4142
1976
4403
3951
10140
9745
-208
-1907
-4802
3972
3730
-2300
4801
-1407
6088
-493
4543
3531
5216
6052
9671
-3002
-2813
-2747
-3455
-3580
7620
2135
1300
-1116
-1900
-4982
7495
3043
8472
780
-4763
-2329
2848
7797
2664
-1566
-785
5262
848
3673
63
-3404
6737
8640
651
19
6580
9163
-3069
10652
-2817
-639
2276
2355
1615
-3567
5740
9895
5510
1898
4392
1639
555
10886
-3983
3956
2830
6918
-843
-622
-2132
-1020
507
-2876
-3631
-2780
2595
7671
-3068
750
-4503
3707
928
2136
-1866
700
3903
-2522
-1778
-345
-421
7413
8042
-148
2487
-362
4143
-1295
3322
-3559
8563
634
5534
-4309
-4219
10667
1675
2467
432
3512
-131
4821
960
7630
3114
-2766
8383
-1445
-3032
-1142
-4479
10098
6795
-4434
-1689
-893
-1074
-4031
2527
-4141
885
1731
-725
7212
4721
6774
5475
5716
9540
10975
-3907
4413
8037
5163
3086
-1924
2662
-4683
10760
5371
6355
-2331
-2226
-1294
-930
10043
935
-3309
6971
2476
-4599
7684
-2619
8621
4455
9363
106
-1780
-4962
10277
10437
7687
5585
2543
518
4118
3802
10218
4379
6924
-4455
9729
-3956
7265
3579
-2291
1439
-3131
6959
-2045
2755
5248
-2373
7658
-206
5116
4272
7700
337
277
8385
-4730
724
-1987
10226
439
-4566
4288
2733
3844
659
-4770
-1667
6742
3349
-4446
6161
-212
-2415
1012
1676
1852
-2383
6632
9588
10480
3463
-4135
9742
10904
2031
-3780
7887
7902
-2883
1709
2346
9468
405
10829
-4337
-209
6548
7122
5560
1892
2489
10708
-2790
5305
6017
4079
2754
-1369
9165
-3705
8002
8826
10375
2157
-4344
4487
8076
3876
-2220
3991
6213
9470
5121
1063
-4977
10858
7308
10579
8681
7824
-2093
-4978
6722
5150
-2660
10136
3892
4317
6874
6443
-4261
-4600
812
2292
8576
-2079
-1113
-438
9329
8568
-940
-1127
6198
-4906
7036
5022
10853
-4421
-3163
7643
341
-4798
2902
7745
2803
-2904
8863
308
4723
-150
8028
1968
424
9365
10424
1219
10293
8026
5616
71
2916
-4128
10587
1865
-2090
-672
7591
-4791
5724
3690
-410
6700
10404
3597
-4151
8804
-3303
7320
-2518
5364
-4859
8507
-2480
4254
7034
-1071
4336
8400
-1424
8449
-3728
2791
6701
2691
-3090
-3566
2541
-1216
4361
2323
7738
10911
-170
-1617
8861
155
-1867
8540
634
5785
6601
-2239
-1868
-1544
-4800
9179
5655
3561
-1189
3075
-4873
7808
426
-2670
9750
652
1048
9563
-2363
2723
9001
2659
-1334
9985
9983
-691
2824
3732
-4319
7829
348
-688
-2689
9473
-4666
4810
2226
3924
5578
1281
5506
6468
9238
1661
9129
-1103
8933
-3299
-2594
-4852
-1372
5807
-3826
-1891
850
10682
8934
2540
6060
1055
2965
3443
777
9447
6871
-1379
3205
-1449
1070
3565
6361
2370
1002
-515
7314
1441
-4491
-471
3555
-3484
6091
-2162
10066
4873
3394
-2130
7834
8559
3732
10357
2386
-3739
-230
-1311
-2870
10759
5464
-1156
-3145
-693
2748
-1522
-4465
2134
6815
6545
9652
3986
10774
-666
-807
8325
-3868
7494
7322
-4898
-52
5499
1132
-567
-879
1489
-1725
10893
-4809
7239
5350
-3627
8971
2696
4515
-2359
-412
3873
-336
-3102
9385
9454
8900
6011
5906
8781
7691
7852
-1743
4128
5952
8147
-331
622
1295
-4621
-4761
-3354
6085
1601
-4364
3595
-1117
6908
-2569
-3287
9238
-1538
-4305
-4210
517
784
9611
2294
2826
6402
9970
-2359
10567
6140
6589
-3966
9102
9999
-764
4462
842
-4208
8218
9757
9759
9510
2523
3094
3148
4770
-3419
8646
1491
10382
10788
9404
600
-4602
3026
2070
10318
4688
-961
-4418
-2864
-3807
-3058
-813
7501
-706
7105
-158
-2968
-1972
-714
-3104
-2403
8551
1648
-2096
1064
1390
-2149
-4540
8100
9122
10828
6417
8688
-4622
-378
3764
7384
1037
-3967
6040
9456
7872
6829
6780
-701
-4862
-3723
8885
10156
3533
9665
7954
-3451
9130
4288
5794
-3713
8459
3300
1043
-3760
3045
8621
6136
5524
3444
7083
10809
7150
-2208
5183
-4422
-3217
3461
6688
3685
3000
-3317
2598
76
-2589
-4293
-3261
673
6686
4759
5327
4594
-1255
6688
-1787
1555
2210
4218
-4014
5465
9359
2745
-3509
4617
10332
-2830
10495
2833
-4587
-1900
10354
1527
8693
9082
8159
-1264
6097
9281
10820
10608
-336
7126
-4571
-2263
6332
-4653
-3960
-3921
4191
6286
-2881
10138
-4060
-2714
623
6289
9062
2794
8526
-4733
-2390
6423
-1113
4376
-3645
3065
10662
7017
3649
-766
2381
-2070
262
-4976
10572
-1745
4915
5199
7923
8912
718
6597
-2304
1958
8992
5798
1183
-1864
-2473
2929
9905
-2055
1140
-4683
-3253
8755
-152
-1229
3585
3902
-1927
810
357
-906
7908
-1810
2509
10477
2630
4026
7633
8798
10683
2376
-1765
5857
1735
32
8803
5220
10869
3246
6576
-2472
7742
-1769
10085
5165
8622
3276
8958
9209
1346
3807
-2155
10236
9620
-1002
2604
1098
-2886
9405
936
7230
-4375
7488
-4200
6069
-3101
3066
-192
-4483
4745
10825
3026
3980
8656
867
9979
8559
2011
6766
-1121
3586
-3355
-2486
869
3940
-3234
-3537
5237
10413
6745
7167
5759
7387
-90
5205
768
-4342
5180
3934
10689
10990
7003
-149
-478
4859
1391
5188
-3562
-4897
-3529
832
6766
10814
7718
5777
-2853
10775
-629
6243
2093
5248
5099
170
3424
5660
-4683
-4560
4057
9289
10779
10229
10862
5277
1075
-4547
-4059
-1909
2662
-1055
-1602
-3350
-3955
-4759
-3723
-4326
-4782
3166
3327
6523
4575
-3364
-1826
-4439
4792
9827
5715
7657
4449
-2955
9902
10458
2630
-1435
-1329
7537
8281
8165
2406
4903
2684
2914
9726
8564
-3808
-1899
-3784
377
8366
-1189
-548
6649
2343
3644
-4210
146
6409
8276
6110
-4566
8561
-4785
3076
4259
7174
-4652
3689
5843
5525
-374
-4117
8119
-2056
7661
5976
359
-4805
5226
-3133
9668
2820
3628
-3975
4601
5289
-3918
9033
-2142
803
2211
8716
9798
8493
8552
-2330
4620
8354
8945
585
-1749
9133
-3113
-2117
-607
4131
2476
6106
1832
-3544
-3697
3356
358
4507
-3975
1244
2277
-851
-4001
2067
9154
-1968
-2180
867
937
-4261
10596
5849
768
9315
4572
-3214
7265
5484
-2063
-4770
-4017
10437
-4792
-3705
163
10029
428
588
8389
-3144
3438
2703
-4447
6777
7026
372
-680
-1575
4612
-1942
-3914
-2619
5996
2791
9828
3474
9410
10351
-161
3610
-893
1761
7975
-4442
-4506
6122
10814
1553
-664
4314
-2231
-1495
7854
1689
4760
5848
3726
9206
7245
7044
-1181
-3285
-2601
-2379
1576
10517
7457
4982
5961
8265
2440
2428
-1100
-1082
5523
7694
-3536
-1909
8159
6556
7406
10061
6106
3122
5989
-3582
10672
-1776
9309
-863
-119
923
7234
6957
245
3310
4033
-2703
-4322
1494
7451
4740
-1078
3677
-2006
-4072
379
2244
9037
-3598
7793
918
8421
9136
-930
8346
-2886
-1198
3283
4587
-379
2812
1013
-3869
8903
1529
9206
7357
5472
-3460
583
1401
-1572
8619
1417
-1020
-4591
-674
-1340
5648
-3611
6949
2525
-3126
2806
8457
-830
-212
-2476
146
-1433
2736
-847
656
-3209
-3290
-867
1941
5316
10854
170
3139
10623
1067
10936
10439
-3026
2615
10636
-3807
-2984
-1219
3490
-979
-4857
-1924
9924
10718
8041
2095
7773
6217
4182
9126
3335
2404
-2567
10669
7787
7564
-4412
948
-2487
10061
5552
3121
-2730
-1571
-1376
-1087
-4026
2921
2465
3087
-4438
3603
-3111
10232
-1283
-1604
1086
-4884
-1799
2943
5000
-4970
5935
-129
6752
4286
984
-540
-4511
4206
9062
8351
7491
-1835
9822
5750
-4151
-4376
4200
1212
-381
9681
3623
606
10685
-2302
5831
808
-3159
-2264
3412
5949
-4126
3142
2900
-4116
3863
-3422
10636
5924
-3836
2779
-986
69
-1378
-164
2933
-2279
4111
3320
7960
1315
-3607
-55
-4291
-1128
2198
10724
4551
-4182
7440
46
-4971
-4982
-3889
-1790
8346
8112
-4987
-3936
3376
344
1042
-59
-3021
2117
3498
8209
-3257
594
-2212
8754
-3459
10791
-4934
8769
4120
5701
8786
5606
-725
6601
4315
-2364
10468
-4368
2230
399
3498
1238
9749
-1533
-2837
4867
3700
5617
1204
-4825
5201
-3140
-2821
7077
10775
-29
8642
1742
6751
-4226
-1825
6257
-2219
10065
-1899
3344
-267
7603
7399
-1037
2431
1463
3757
3556
8744
7310
10216
4272
7698
-214
-4656
6004
-1290
-4832
10426
5276
3881
4435
2830
7587
2622
5323
-3015
1697
9736
8938
9007
3077
1092
3010
9287
6815
-4335
-193
9163
6369
7212
-4211
-2231
-2970
9811
1847
10165
9139
1543
653
-4311
-3010
-4103
6727
5383
10285
-4543
6511
3919
5342
-3118
5884
7076
4144
7087
-4806
7086
4217
4567
-3342
4395
-1705
-1273
8905
-4675
-4691
-1503
2784
132
8429
10344
4932
10736
-2286
-402
10251
8153
5874
8398
5937
8136
9906
1437
-4018
3864
666
10014
-541
10306
4363
-2250
-105
8309
-1972
1698
-380
9702
6671
4964
236
-408
5800
-2943
529
-1477
2338
3440
9827
6696
2938
7119
-1062
-948
7331
10065
10663
9269
840
10236
4614
-4051
1372
281
5749
6866
3276
-3870
5644
-3089
5137
4866
10661
-4472
-1042
7229
3004
3631
3447
4330
3866
-3556
5841
-342
2354
-892
1720
3411
4944
2595
8646
1711
4201
9108
3059
-797
-1194
4203
-4647
1331
5416
-2943
9659
-1692
9169
9100
-315
0
1417
4596
8085
9154
-3339
5474
1787
3656
4994
-231
9340
1806
4497
-1912
9372
4767
-3498
-4704
-3365
4482
3071
6629
-2942
-263
-355
3265
2584
-4622
7224
-4195
-1223
6581
4036
-2253
1160
2016
-3904
27
6528
-4718
1936
-4946
-3085
3562
7345
8336
2382
-974
2833
891
-229
5592
-4164
2794
329
-3680
9780
7385
-3281
-2156
5412
-4382
2638
3012
9396
-2798
341
8234
1470
10229
-1172
-4626
8996
8946
7337
-563
633
862
-410
4949
-1817
6988
-4935
-1837
-4655
289
7353
7949
-4296
3825
2566
1458
9435
-1914
-3315
8466
4002
572
1158
-3956
-1860
2838
5826
-1466
-2809
4745
-347
5410
7858
7070
8687
5356
-3426
-2759
10047
6103
5896
7347
1625
10025
6638
4016
10023
10422
-2650
-2771
-3586
-118
-2605
7256
-2398
9197
10879
-4444
910
9730
9345
10012
-3859
-1331
-4832
-4235
4203
7136
1533
2797
4403
-4532
5674
73
-3280
4316
-2531
3648
6680
6915
1868
2176
-2134
-2667
1554
2444
-3406
3122
3281
5961
4308
-4475
10715
6096
-1525
-2376
-4464
399
3688
10775
4556
9358
-1248
7835
9982
6279
1993
654
9361
965
8292
-3961
10519
5929
10392
-1514
3494
2819
1980
7237
-4874
4267
-736
9791
5595
5842
6021
-3637
-183
8592
8297
8062
1110
2116
-3061
10925
8010
3353
8107
2473
7440
8940
-2927
-4828
718
5197
7887
7547
10198
10852
-2228
9872
7484
9335
-136
4755
2249
7879
-2459
-1040
5521
7075
-3333
2680
10463
823
-3329
-791
7769
3623
3803
6801
-4128
-4902
166
-4920
3768
-4970
8795
7847
1387
-1963
-796
10872
4839
10958
-26
5482
-1554
-3369
-973
3467
-3025
1518
-3423
4848
6322
8720
-4352
8376
8690
4822
4838
2736
-1972
8758
8109
-1194
6559
5421
-1601
6789
-4948
1664
-622
1765
4031
-2723
8302
-2898
-4078
4012
-137
-1913
-4369
-2535
-2714
2382
661
-1928
2201
2560
-2213
4559
10575
4206
10779
1194
9135
-455
2632
2998
4999
5370
-3613
9741
7386
-1470
-4980
8139
-4964
7875
2685
490
3895
-693
-2410
1869
2897
9465
10960
8469
6355
3114
-801
1851
-2142
2740
4500
7775
5935
1240
4351
2269
7736
-4109
1623
-2397
-4284
-4108
4121
1729
-4491
8595
-1289
4029
-4870
-1473
2541
6321
-2708
-425
9134
-2545
-4173
8605
10182
-2879
8677
-1303
1536
-1413
-4165
283
-504
3913
-4003
-1452
10958
4076
-2981
-3739
-469
3940
8066
-3579
1481
2380
975
-2870
-708
3821
-4804
3795
7666
5903
3266
9284
1110
6667
-1504
1269
-2264
-4953
7383
2282
10670
9249
8314
8837
-4204
6540
-4827
-4741
1804
7773
10828
9348
1976
318
1590
4183
-1463
3243
7114
-1963
4714
10172
9481
5381
-4520
959
2394
-2752
-4783
2058
-242
5294
3127
4238
-4837
-2447
877
-2897
1452
-2273
5378
7637
-4005
-2571
-4850
3643
2237
7499
-1441
401
8095
-189
6233
4414
8974
7111
5907
-891
1695
-1743
-1466
9548
-3868
1357
9709
8248
4934
-3843
7843
3196
9588
1721
9044
-653
2614
1090
-1774
2414
8168
2575
3526
6984
3265
2695
5385
-962
8412
371
1359
5637
10097
7986
4045
8470
-2458
6960
5909
10054
-509
-4592
4608
3738
7944
-3023
-818
-4641
-27
5586
-370
5242
4031
10892
7491
3319
9531
10632
834
6245
-3848
-4494
3926
8169
2782
7722
10543
7567
5014
-961
2042
-1696
3547
9367
1352
-4559
-656
-16
2357
8772
4207
4237
10058
4235
3404
-2392
7329
3909
10642
2862
-3254
7257
6252
-1622
8816
-1962
2538
3586
7092
-928
-2559
-3485
-157
-4177
6356
-778
-3772
7275
1073
2909
-47
6087
10464
-38
-3061
9287
1559
2636
6566
6366
593
992
1261
-446
4160
4996
1122
-2313
-4065
-3936
3493
9777
943
-4480
4631
10074
8953
-1002
8126
5998
8280
8671
10475
3983
-3268
5282
-2788
-1450
6695
9569
-2917
-4761
5757
3463
-3984
-1592
1019
5354
1526
-1037
-1147
8941
-185
2730
6564
-1659
10847
394
-4785
2784
-3331
6627
-662
10337
9547
1479
2315
8014
4546
736
7173
-4788
8648
3720
-1248
13
156
4115
6436
-575
4596
-4112
9249
10834
-1434
6769
1514
5076
2050
9063
10335
-966
7753
10736
-2451
-3513
9915
1301
-3239
6341
-183
-4721
5816
9594
10613
874
-960
8279
4794
461
7878
-4367
9253
-2408
3327
-3274
10054
1457
1931
4439
-1845
-2536
-3021
-499
-4759
1857
5614
-3844
-1794
6049
-2007
7278
4469
-3830
1607
-51
10218
5941
5096
4430
7312
5790
8807
10851
4303
-621
4901
2432
-975
2448
5644
-4104
10494
9926
-4273
10305
-730
377
9456
-1177
-3361
2196
2951
10675
9616
3191
5693
1970
3055
6799
-1763
7002
9062
7466
8079
6401
-1093
-2808
1563
7834
1263
8885
6648
5659
3685
9880
8639
-3136
-1591
8643
5631
3184
1319
-4844
5880
9211
-3357
-1919
-4320
-3441
7372
7203
4329
-4639
901
9117
2245
3119
8112
4384
10219
2409
8520
3405
-2605
1323
-2231
10935
3082
495
-4969
-1208
5154
1150
-3300
5455
-1659
4400
437
-563
10104
5836
-3768
-2153
-2222
4177
10421
-611
19
-4008
1783
2180
-2919
-294
1284
4730
-2263
9999
2671
-4663
10037
5046
-4518
8750
734
9083
5128
9316
439
8118
-3379
7813
2893
-2864
-2644
2067
-2460
12
5950
722
7810
6756
5208
6745
4912
8400
-1687
-1689
9217
3247
-1630
10745
5964
3967
10075
-3298
-4289
4558
4530
-3454
-2411
7543
-2444
9554
7206
10245
10816
10305
5410
4732
9321
3814
-3049
1594
-741
1352
9017
-4298
5571
4155
-1695
9843
4265
8686
-1834
304
7392
2623
9419
6369
-4511
8655
4520
-549
5104
9561
2830
-2606
9035
-57
2199
1033
-134
382
475
3905
2696
3451
-1223
3955
4054
8992
9171
3010
-4661
6863
8025
5170
8754
2744
7817
-4714
-1059
7025
-264
6219
8334
-4541
12
1567
2327
-2994
-1205
-2788
8894
-60
-1961
-2462
6630
-874
8888
2799
9965
2876
1373
-3577
467
7620
3933
7278
8217
5557
1797
6237
8943
2449
9355
10285
4112
4668
6695
9428
6122
-3843
3396
-4839
8443
-4513
1298
8326
7295
7110
4289
4241
-2993
8120
-3062
-730
5637
-2057
-403
4171
5340
6874
1474
6425
7135
5594
4970
3689
7747
-2843
10215
91
8205
9468
3213
3311
9591
-1415
1300
5779
6041
-1231
-1702
-4413
9155
-709
-1186
10891
1194
-1778
6799
2226
3652
466
-3638
1970
-2187
-1937
5790
2539
9580
-4373
-4397
-3817
1480
884
1067
9984
9853
5048
1254
1395
9341
-3587
10
7276
-3180
1516
5350
8603
-2164
-1742
1100
2184
-3813
195
4903
8978
6393
8573
10800
2070
3923
9332
8822
10485
737
1292
-4442
10807
-2988
-4285
3599
-117
-3981
6227
-1700
-3723
-1019
6648
-1883
10944
-2319
4489
4139
-4679
-1755
3412
10463
3998
-2125
4008
1059
4052
5825
-983
-3242
2521
8356
8685
-2167
-4998
-3645
-313
6168
-2361
-1213
1502
-3881
-4540
8290
9857
2086
-2335
4899
7229
1333
42
-3668
7728
10873
4035
7914
-102
1412
4622
3839
7986
-5
3504
-169
6464
348
8627
5140
1383
4486
1037
7477
8002
10497
-3007
7665
5811
7921
5733
-921
-1034
8944
10820
-778
-3459
-1409
4836
-4249
-2823
2010
8747
7252
-201
7277
7389
6080
-3798
9635
10570
10892
-52
6245
10436
-496
1833
5474
1112
765
6963
2446
-202
-4601
5596
6246
-1808
2896
3044
-2695
9836
5748
-3344
7084
-2540
-1145
3805
4277
-182
-4694
-3884
-4759
1317
3575
-3681
827
342
6941
10041
6406
3180
-2486
10795
3714
3257
-2610
4886
2590
8597
-4869
-4083
10862
-319
8917
1318
641
-4308
-1823
81
6362
7647
7899
8295
6324
6189
-2279
9222
6546
4779
1444
10014
5488
6631
-4190
-1725
7642
-1574
766
8014
4639
-1766
-2618
10399
7270
-4530
-4908
-1981
-4764
612
-2519
4792
9827
2182
7069
4235
5520
-4664
10301
8108
7406
2217
9324
-1156
5164
6961
-2482
1698
10137
10367
2530
-4439
-1931
-1559
6902
452
235
-2952
9527
8558
3033
7580
10537
826
6364
-2524
9911
4841
3841
10979
-982
-3016
-1957
-4423
-4291
6268
7488
10035
-4461
4849
971
8592
6339
-2480
931
616
8914
4129
1920
-4057
2763
5838
-2324
194
7079
5631
3656
-734
7407
422
8079
9698
9383
-1584
5854
-2238
-4380
-3639
10291
-2221
2748
8537
2676
3828
5734
10989
8757
5760
9378
10208
2356
8134
-1709
-4593
419
7480
-4885
3378
3251
6503
9361
-2069
4804
4143
9340
927
3328
-3409
3489
2438
7184
10491
4751
-641
-1119
-1514
-2922
4005
688
6171
3759
9255
7561
-4422
7192
2517
-3705
-534
2624
-1674
6689
-4645
993
4194
-4569
1328
3572
-4405
10187
8164
-1726
6623
7389
-1005
8662
-3060
5974
6491
-613
8483
-1121
6044
7490
8097
2953
10219
-4635
2762
-352
6079
-151
9462
9375
-2326
2347
-3024
9154
334
4562
6526
-4924
5964
-117
-4488
-863
6784
10327
4394
1437
683
4794
9741
9094
-655
-4961
-652
2877
-2619
1663
5909
6899
544
8244
8795
6704
8824
8882
1152
8475
8306
10468
10845
2806
6991
-953
1280
743
2348
-4903
-4609
-4484
-4880
9789
9740
-1424
8701
7316
8650
3372
-3798
2990
6368
8716
-2316
8291
2891
4704
-1680
2114
-3465
1977
-4479
-4757
1938
-4122
3924
8380
-3431
-4941
-2687
-471
8628
9085
-2159
-1555
-3385
-1818
-2261
-4506
-1336
-3360
3206
-1861
-49
-4623
6689
-1085
-1427
7861
-4043
2978
10049
9255
2791
-714
7747
-2275
193
-3149
1131
9490
-3100
4746
2288
-4057
9334
-4976
6374
4076
5987
-2981
-3688
6109
8898
7789
-1649
1706
10516
3608
2924
823
5683
3995
6786
745
2058
6026
6939
-3293
6146
2549
4128
5511
-1603
8775
1115
4356
6536
-4628
-4333
6671
1035
4541
-1694
303
-2239
7438
197
-4931
4017
-1234
8814
-2066
9425
4338
483
6667
5329
3629
-3263
9346
10108
5447
10593
4382
7160
1446
-1890
-1255
8365
-1840
3317
-4013
8075
211
1614
-3492
9969
-4763
3992
2615
6112
1353
9373
10467
-2439
6001
6285
6547
1446
-534
7389
2622
8858
5875
-3502
9436
7671
9327
4064
5231
10190
10239
4786
6593
-4403
2919
5762
7404
-331
6459
8116
2334
-3446
-461
286
-2914
3982
865
7975
9225
4848
8711
6164
2916
9920
8514
1696
3789
6951
-2579
-3509
-3441
-171
10049
8180
4833
6457
5056
9000
10598
9463
725
-2114
1528
-4072
2228
8731
-3547
3964
3463
5211
4086
6039
974
7828
3830
10970
7930
2672
1396
7916
4067
5764
10240
8613
-2850
7010
3132
-3659
3749
-4631
-4139
10401
7548
7262
2510
2417
7829
-1092
10625
-468
-1618
1358
9826
5891
899
-1538
9602
5196
3045
10858
-4005
3251
4510
-4555
-2358
9259
8224
10662
-4777
10539
865
234
191
279
-4742
6076
5674
6270
4251
809
5051
2691
9629
-1877
10451
-2661
4339
-4353
6157
10240
-568
3255
9868
-2465
-2973
-4345
4597
1229
4302
-539
1855
5633
4536
8150
7980
-187
3607
-1664
9488
8100
144
-2552
8411
1128
28
-615
2513
-1847
-3355
1216
9887
2656
5486
10110
-629
3418
636
6304
9099
10738
303
842
-4616
-3423
10867
7762
548
9231
-3304
3925
6669
590
8125
4867
-1689
6984
4594
-4804
-4889
3700
2205
5091
575
3281
3485
10473
-3355
8845
7855
-4441
3600
5380
-499
-2822
7181
7154
3932
2440
4913
2145
6983
-3105
6308
1251
-919
6594
-4247
-4858
-4376
5188
-4581
1413
-921
10390
2937
7868
-3170
3868
670
-3105
-829
-4152
7952
-3734
-4946
1951
2691
5980
6841
-1888
-2984
-2785
8044
-56
-4257
5195
-3365
4716
4969
-3827
839
6226
7158
5857
4363
8317
8145
5385
10043
4164
6206
7480
8580
10918
7697
2957
475
-1950
7909
2502
-2091
962
-2269
3252
10576
4407
8392
-401
-2852
1579
9580
1861
5076
4753
-2176
5365
8654
4802
2768
10784
8758
-3834
3792
8574
10807
9710
1307
6227
2395
3304
-1864
-231
-4750
2965
8856
7047
-840
3028
10981
-1228
2482
2084
5375
-2029
-4007
10153
-1473
164
4988
8332
3837
-2071
10206
-2679
-422
8989
1318
-1981
183
-4700
7799
1116
9989
8894
1887
-3648
-3646
3842
9968
4426
-1985
7558
1706
9857
4133
9954
671
-318
3388
-1449
10968
-4348
7779
204
7030
8952
-4508
-4869
-1386
-3631
-2580
618
-3207
-4638
-4140
1821
-3359
6382
5413
-376
5052
4157
-4389
8395
7687
-1687
-4502
8473
1772
770
3840
889
-2897
8531
8713
10673
10696
1785
6006
-4992
7634
-4929
-1726
-2931
4900
4264
2221
9628
-4163
-4667
-4915
7301
-410
-2347
8133
10091
4498
6663
339
5409
3082
8725
4626
1136
7238
9759
-1547
-1151
6556
-4042
10905
-3308
6817
1460
5697
2291
4932
975
8090
5924
2241
6511
4416
994
-3657
-3010
5252
-3251
-3051
-4868
2924
6624
-1729
5022
7801
3619
6886
-4081
-2256
8994
1082
-2220
2517
-2912
-3126
7129
2034
9604
9119
5766
5025
6685
10415
4243
3079
-2429
5493
-355
3486
-4391
-3881
2682
1976
9663
1363
2250
-4801
3195
-169
-4914
6724
-3714
5866
-4099
4016
3466
-746
6228
93
4012
1280
9840
-567
4718
596
2647
7977
5587
8040
5274
-868
7674
1056
9120
8386
5287
-497
700
10733
5090
-4641
6657
8757
6653
4852
-2088
1588
-1605
6605
7633
10376
-1203
4650
4277
8732
897
10356
100
-595
10808
6874
-4131
1031
-2921
1078
7450
-2032
10237
187
-992
-1144
8125
6730
-4780
-2161
-1533
3104
-4721
-4505
6812
2615
7540
6780
-2605
-4246
-3200
-351
6462
-2597
-4765
2590
6684
10001
5136
-665
2325
4709
10000
7469
173
799
-2019
-2662
3188
3934
10987
-808
2557
-4426
-1593
-2219
-2286
7707
1639
8131
-2777
8069
-2696
993
8715
9548
5244
9217
-1818
-2218
1881
-1725
3679
10738
-3413
7327
10268
3076
601
10025
6001
-3999
5360
1433
10962
-2435
42
3329
-3063
-2494
3410
-286
5677
-2877
-443
5348
3794
-1261
-1193
6368
-2050
5232
5088
-2142
8540
5926
-1648
-3858
2612
-1361
8191
2240
9882
-4836
-2935
7640
9703
-2499
-4895
2805
9446
2677
-4647
-4255
5839
4335
-498
3376
-1798
5495
-4838
-4416
-4149
5418
1615
-4593
372
72
-2839
2977
-2724
-533
9780
4453
218
2395
4322
287
7720
4159
-3311
-581
-2797
10618
7468
5068
5239
-2996
9722
-1714
6506
9536
-3726
5040
6199
-4408
-2741
1551
4240
5410
9436
3523
8316
6654
8740
10143
5526
8930
-97
8309
9466
-563
1763
10457
-393
-3303
8302
3752
6921
10023
9909
5831
4107
-4681
8960
-1103
4521
7829
-3841
7468
6805
9211
2324
3930
8700
10416
-3854
8569
-3144
10745
4074
8802
-4924
3883
7170
1751
-1416
5789
-569
-3204
4079
4165
-541
7074
7238
3105
4465
717
7562
87
6161
1644
1263
2713
10296
8047
-2620
4556
10187
4600
4389
8552
6890
7024
372
9634
-3310
446
898
8266
-546
2129
658
9327
10413
-4375
9729
10057
6123
-1012
10047
-552
2217
1113
9474
-2106
4079
-888
-709
7062
-4783
-1115
840
7034
-1335
7460
9452
-3587
2749
-1772
6908
-4760
10463
1072
9050
-4244
9150
-4063
-2521
1141
4760
-4106
-3148
6108
8687
4220
10298
-3764
3426
6831
-1717
5210
6708
4617
2056
1908
5036
9991
-3435
896
10409
99
10572
9796
5102
5410
2861
2822
-1479
-4525
-483
-1939
9757
5780
-2098
7856
2574
7385
-4741
5487
-2889
9066
4955
10460
7829
300
-50
8862
830
-4574
9946
-3721
4609
8369
-2087
5282
5044
8619
-3085
-4221
-4278
-4217
4171
10491
-2012
7919
502
-1637
-4183
1277
9650
3066
6170
-4156
5588
5094
8863
9749
-4735
320
-2268
7036
-4960
-3291
5227
4362
-4208
3787
-550
-1194
-2281
7469
5655
10182
7836
4839
-4651
-3958
2708
9954
-1299
8939
-1342
6963
6190
4418
-2789
10047
5497
6091
-887
1445
5386
3484
1745
2390
16
1777
10196
134
-3960
-4694
7294
-3382
-1208
2072
2037
2550
-1705
7283
-4975
-2993
9213
-338
10773
6370
3488
2672
-228
1073
10829
6233
-2099
-4334
4754
4366
9940
3410
10136
8561
4113
10653
2791
-2384
1042
7841
-2681
-3838
2367
-3725
2771
-3537
9939
1322
6917
5582
7316
-4784
8467
5713
-4035
9347
6591
9156
4406
3151
7531
-4266
7184
-4257
10153
-2030
1964
7638
-2533
2159
-584
7807
7291
-3056
1250
931
6511
-3900
6853
4283
7852
6609
7206
4934
-3276
8048
8933
4861
7163
10390
6700
-731
-3273
8572
7023
-4282
5743
6874
1934
891
5329
2287
-3747
3367
4170
6984
709
2640
6743
2110
4684
9160
-4840
-4031
6963
8458
-3288
1875
6268
-2971
-3672
2007
3224
-1571
2850
4491
-552
8782
6286
852
-3425
6482
6189
4282
-2333
4963
-3938
8627
10834
9796
4016
8100
-1969
6813
1395
-3036
-4830
-1306
3607
7557
-3986
-1914
7278
6926
1249
3006
9427
8330
433
-3265
4272
10630
3272
-4318
-3880
-3883
-73
-3846
9246
-937
2546
4291
-1630
5373
5947
10751
-4251
-4091
1246
6815
-2391
-4085
-2274
10152
9844
-4926
879
5646
1777
9855
871
7267
10363
-2826
1007
9272
4219
10697
10046
-3145
4339
2495
5897
3224
7637
-2607
10227
6072
-3177
9962
971
3201
9478
-2832
5879
8465
6499
-2306
-4950
1432
-1757
10996
3166
-4350
2330
-464
8062
-2474
-4161
-3681
10723
1631
9669
9969
10241
-1271
1905
1320
-1181
525
9389
3292
9428
-2735
3929
8760
8160
5385
1122
-3896
2298
10018
661
-4627
1406
5345
8884
5308
5851
-4537
3658
-3490
-4599
8634
4668
8307
-3006
2911
288
-1525
4719
6216
3795
3681
3296
2391
-1467
5998
1472
858
-1000
166
1223
3958
-1814
6011
-1871
332
-4625
157
-1680
10069
-4925
2957
-2787
5137
3711
-3119
6710
610
7688
-128
1539
6833
3631
1923
855
4700
8823
-4582
8704
2250
5296
-476
-3975
-3621
10703
5916
5855
1543
7798
-3231
1316
7365
3285
2744
10502
299
5045
5905
8001
-1831
-3501
-2543
7939
8721
-1943
2888
-3550
-4185
4884
-3516
-4344
4513
10578
-2102
-263
4374
-3352
-34
-1683
732
-3984
7436
5982
5343
-2265
-1054
6826
6867
6794
-3396
10318
7437
7205
-4667
-38
6574
-4821
7227
-4443
4098
5827
8819
2115
6953
7586
-2916
2989
244
10720
8263
4935
-4462
10370
7463
-4473
9965
-801
5270
-1039
-3763
10786
9049
-60
-4539
-3285
-4698
-2833
209
3739
-3102
8655
-1356
-1746
-2258
-1389
-1240
4172
9893
4479
-4677
-3363
-1697
1874
3955
1242
700
-3704
2228
10408
1115
8133
7396
424
-1680
5514
-436
7562
-3143
-4439
10562
354
710
-4351
2053
3326
4736
9829
6249
10359
-1556
-3500
5682
-4089
47
4216
1093
5017
6608
10696
-1665
5415
-4423
14
5215
-4415
-1654
-1782
-1433
233
-4346
-1164
-312
-3417
10477
1449
10429
-4776
5742
7198
-3153
5577
2939
-4584
3363
2311
7614
6558
-813
6894
7660
1199
4756
5766
9147
-207
7684
-744
6831
8363
7263
1010
-487
5428
-2004
3859
-672
3627
7842
-4377
3330
2599
6342
366
-3881
-3280
-2091
10628
-4714
9649
353
-4228
-1127
4646
-67
2797
-2460
6809
4382
-175
3556
-4908
-2052
5198
-523
6226
9782
2253
1704
2287
-897
-2480
66
1128
-4364
8970
-3960
2437
5134
678
1338
9748
-4937
9196
6110
2707
-191
4868
7870
-1618
7539
1562
-4683
4848
-3580
9891
-2779
565
10927
6013
589
7902
-4710
8637
9145
1097
10755
-4025
537
8960
-3944
1303
9144
10802
9378
4582
2244
1886
10598
4595
4179
9814
974
-4330
5287
-1563
-317
-4327
8882
-2234
-35
-3508
9812
6240
-4546
6486
9453
8499
6842
9675
5520
4745
-4804
10366
2068
9969
-3995
4756
7761
753
8184
-2848
-3800
3323
7922
5997
1349
-4968
-4226
10456
-480
-1171
-4216
5987
4682
9439
4911
1604
8807
8076
8160
-63
3445
5380
576
-4481
6871
-2374
8780
1948
4624
8244
9020
9205
6600
644
4908
7498
531
2808
9469
3339
10363
-1261
6394
3430
9651
7231
183
7083
-3283
9021
-4674
336
81
223
-1810
3146
-757
4599
9883
5031
7174
9357
762
4442
6968
-809
9408
10068
-2658
-4633
3978
9045
329
928
-3848
5633
10648
-4116
-3938
1975
7625
-3793
2845
-2913
-2261
7293
-2933
3713
2100
7693
-1381
9052
8765
-2074
7804
-3658
-2176
4832
8186
7475
2665
80
-916
-4512
6033
2810
-1458
-1188
8450
330
-3924
654
8129
-2743
6338
9046
-3188
1610
8675
-1586
222
8163
-4587
7397
60
10918
-3193
-590
8619
645
-3810
-4338
4865
7449
1770
-2857
10718
10249
5696
4123
376
2501
9256
1752
9759
1010
248
7709
10233
2859
3513
6998
9615
-1050
9043
-2841
1802
-4940
2406
-3594
959
-3539
3191
3213
8680
-724
8524
2271
-3147
4791
-4200
8299
-2941
-3774
-932
4927
5738
3220
3205
-2786
-2050
6024
3290
-58
9680
1273
6169
8075
-2254
4986
-31
3881
-315
9026
1610
-4649
-3668
-273
3036
-1376
7840
10732
2464
1776
5675
-598
2317
10857
2219
10389
4658
-128
-478
-1845
4748
-957
-4955
9736
5811
4219
2490
6621
3900
6643
9027
299
-1309
1176
-816
9803
9568
7748
2470
-3186
-356
7635
-1290
6757
8711
4479
2282
4704
-58
7401
3052
9435
8597
10357
2206
-1544
869
2141
10411
6729
-1723
6527
-1854
6225
9862
4726
10080
5801
5282
4208
2000
5765
-1579
61
9965
5851
-242
6055
5933
-4902
4747
9860
9186
-3422
3519
8198
4411
-2766
4601
1498
-2037
5669
7743
7919
-2868
7961
3838
6680
3938
7152
7913
-4403
8612
6460
-2538
4183
5017
9844
8174
1804
10110
-1045
7881
1015
-1648
8963
468
667
10
-2913
3382
3353
1381
-2601
-4621
-2830
2535
9583
4754
8357
991
9351
6395
5766
3884
-3945
2852
-2234
-4479
8728
8939
-3499
8676
9341
4037
7273
-2178
4203
-104
-3105
4109
-987
3941
10178
7741
711
10539
-2518
6299
10680
9866
10952
3549
728
10402
-3649
-144
10627
8262
7987
6445
559
-2992
-3288
8425
-3464
8265
6149
175
1343
6230
7031
9681
-4306
2894
7551
-1634
9696
10542
-2749
-1937
2524
4013
2600
8167
-4790
3111
10784
6263
226
-4282
-3639
10534
9763
5603
9263
-2159
6338
8732
10097
9008
9193
-3372
9486
8157
5792
1211
758
2192
-2426
6212
4963
-4370
838
10691
4074
-4991
-443
5201
10454
-3768
3361
1134
9644
10610
5591
7916
8465
10343
10693
-2807
-554
9992
-305
2523
-309
3895
8420
6511
10960
-4837
9636
-1356
-4173
29
91
8213
3260
4022
-3406
9320
9602
4589
3749
1540
-3835
5275
-3399
-2891
3193
-4495
7527
5589
4700
1342
91
-4687
8403
-1815
7138
-3530
-4812
837
3234
8135
-4390
6151
2437
-2452
7745
7695
-3721
-1614
4434
-1681
10328
-4913
2430
7210
3244
6916
4107
-4932
3985
3912
8234
-3879
755
-861
-430
5244
-509
4183
10185
4249
-4380
-4282
-1663
8880
3242
782
8226
9360
-899
7290
9707
7635
8480
1047
-3651
10404
4507
7970
5360
3529
427
810
9833
1637
-1407
-3596
5231
4979
8237
3098
-2501
6811
9049
10230
-945
-3035
7091
-4411
-3192
6598
-84
-4346
9206
9378
8808
10277
-4759
4626
5740
9944
2896
7717
4894
8518
9921
8804
877
6253
8913
4699
-182
3781
686
4182
-1566
6178
10604
7914
-4983
-938
-230
-3404
2412
9377
2970
10851
-108
3521
-1234
9724
3594
-3989
8917
-4780
4177
-2080
-4904
2787
8476
3032
-4831
10170
-1342
4388
-3892
6866
5229
9104
-3455
9096
6801
-1652
10497
5092
3110
2319
8831
-1247
9999
-1356
-4945
10090
6617
1318
4646
-4509
9514
7492
-167
-407
-2439
124
-1657
7321
7162
10492
-4930
5143
1245
521
4534
-1657
8375
3247
7782
4832
7361
-2150
-3123
7011
-4159
3396
2585
1895
-2876
1745
5866
5974
7829
1591
-4757
-3459
3434
-1119
5802
-4992
1885
-1514
-4952
4138
-868
212
947
1649
8418
-3324
5357
-595
-1883
8841
2223
176
6415
-2887
10769
-3082
563
-4559
-4152
2742
-3975
-2304
3380
3494
3929
6927
5169
3316
2898
-583
7095
3224
3602
-837
1952
-4534
9591
-1324
-702
4950
-839
2599
-2231
6799
-668
-3748
8128
2721
3212
1295
6892
8332
-2246
875
-2595
10094
3246
3085
328
7426
5954
685
-2033
1381
-3032
10630
9507
-354
4705
873
4619
2913
-4890
3001
5444
523
8487
7157
2125
6641
-584
9398
9082
9439
10821
7612
-112
4060
-816
4452
-1516
-1491
787
10045
-934
9370
3141
4602
9062
-269
-1146
779
4209
3285
-4588
5126
-2102
3753
10689
7757
96
10094
9886
875
4764
5689
-4993
446
2803
2425
-2394
859
6333
-4096
1582
8366
10432
2496
6096
4577
3857
10194
3281
1792
-1636
-2629
1581
8026
640
1523
9496
-1366
10786
-4193
-2136
9591
-1927
-4834
-685
1335
-1233
2764
-2024
2108
-405
-125
-262
-824
-23
2142
-1356
5252
-1844
-4801
8742
-4338
4787
5020
-4971
1786
4370
9327
149
725
-4423
7820
2494
9377
9402
3353
1959
3826
-2197
-802
7825
9038
3015
7613
-4895
4822
3324
10236
725
9127
-2755
10313
-3856
9732
9055
-4609
-4298
-3537
3875
5289
3873
8084
-4270
5949
6214
-4430
-4600
4658
6370
8114
10577
693
-4489
9688
10362
-2763
-4020
6300
7200
9250
6047
4376
7439
-3212
5911
-2012
-1080
-1810
378
7617
8670
-476
2337
2355
8975
-4679
299
1778
-3193
3952
8429
452
1158
10460
5296
-2397
1192
7798
6943
4963
-1791
-4265
4214
3738
3304
7111
6913
-456
-4462
9199
199
6775
-1940
-2453
1665
3832
-1382
10380
3152
40
3556
2266
-4303
8044
-2507
-1448
6440
4598
2558
-3963
5188
6517
-574
9256
7366
5624
9968
6859
7703
9863
2413
4744
-4860
3737
1138
2565
1958
5930
10142
2107
6947
1438
9666
-3205
20
-4621
-1532
-3662
-4667
922
-3935
10861
-4572
6553
-496
8984
6772
247
3280
8842
10818
-3237
10748
4934
10010
-4494
-1508
-2822
-4230
6416
10431
333
-250
5020
7118
-808
-4609
-2395
2842
-1804
9966
-4136
-4423
2866
7589
5016
6031
-2896
1768
-3741
10415
7561
-3991
-1286
-4378
-3283
-2319
2887
6028
-4782
868
7414
-986
-2868
8934
102
7981
1275
-1446
7749
9251
-1886
-1138
3446
-18
-1184
-1486
8502
10474
6647
-242
10113
10039
8147
243
9774
-1708
-4410
626
1121
5616
5145
-3764
929
8062
-577
6698
-4792
7814
7789
1166
5662
3267
329
3209
9662
9194
7165
1327
9665
6471
887
3273
-3304
-2161
-1044
4937
-2116
-4881
-3175
7682
3720
-2322
3407
2073
90
7914
10671
8375
5130
2435
5170
6402
10614
3107
8685
5195
6774
8145
1298
6535
9339
4301
6712
6147
-2828
4828
-3488
-812
-657
-4128
9776
-2546
-3070
1195
8323
-2506
6378
21
-1884
3065
1394
6220
8788
9116
-3306
10860
6039
-1095
7782
-1968
-475
161
10417
-1881
-1982
-4188
9435
-4790
-1740
378
7567
-3506
9104
9976
3738
1107
5433
5895
-4842
4775
9379
8532
9031
1034
-2595
-4151
9412
-1978
5327
2492
-3112
-1396
1088
8677
7207
252
-3686
532
4883
1279
-1422
-731
5856
10334
-3517
9517
3864
910
8443
9590
10153
10440
4791
-460
8277
4065
-2990
-2579
-436
2265
30
10940
-1134
-2898
2154
3002
-2392
8435
1356
9405
6887
6820
5537
-1093
-3665
317
5968
5011
-702
5889
-4017
-660
3433
5920
8297
-4482
1634
-1539
-3010
3568
7666
-3635
-3061
-3936
8157
-675
-4180
-4727
1402
4276
10975
5124
-3683
-3359
6601
8487
5313
-1393
1855
-3310
-4000
4822
7616
8658
-3039
-939
9149
7195
-2124
2693
1190
-4292
10754
4807
158
3282
9473
-4672
4877
6077
10726
2025
4313
-4784
7552
5342
3699
-50
-2849
4477
9753
-4849
5436
4277
594
-501
2581
-3950
7615
6130
8215
2721
9619
-456
10049
1652
9567
6074
8263
6659
276
2746
6835
2872
5827
-4722
-301
4545
-4315
2456
7632
1073
5349
762
-4964
-4157
8337
6275
3725
6781
2037
4717
2895
3063
1679
-309
10360
-4102
6360
4286
243
10186
-2101
8296
7340
7880
2982
33
-157
-2636
9579
4080
10590
6481
8875
-4685
3272
3374
-2813
8609
4182
8254
4839
8949
3367
8496
5534
5216
5614
-1282
2574
5832
338
-1728
-4678
6959
4502
1988
-1142
10740
10101
5472
6089
4411
4047
6661
5108
-1626
7050
5272
-4815
-4659
-845
10111
8221
2413
6117
7287
10444
3933
-4374
3628
4492
-4546
-3030
-2932
3048
7417
10936
5074
8309
6255
3793
3562
6856
10722
4844
4983
8902
7866
5545
10670
-3935
-4240
2670
8933
161
8003
-4400
7791
5662
8104
-967
6315
2006
265
834
2515
-4259
-4433
10845
4891
10737
8567
7744
-2180
-2319
7500
3709
5453
-1877
-2217
4204
19
4190
1137
2639
1178
1015
-4264
8245
324
7071
5676
9888
4641
-4744
5906
10594
9281
10530
53
-4917
6598
-1147
-2569
5515
-3011
-4406
3684
-4278
-1745
-2517
485
10909
1266
7149
-4808
8094
-59
8619
6172
6745
10525
-2220
-4657
10597
-4424
758
9919
-3884
-2179
-833
8438
6861
-4
-4551
-4265
2936
10072
-4514
2191
-1381
4679
-2996
8396
8578
-4619
4695
2861
419
3729
4417
10993
7299
-1247
4294
-515
3154
9498
-3492
-389
606
-83
10169
1497
-1496
8294
2326
3964
9808
-912
8242
-1610
1718
953
-2280
6772
100
-2112
8742
9527
-1115
-3550
-3131
5187
-1926
9465
2047
2458
-3793
-1045
8113
6954
4169
-3459
4381
1989
7461
8104
4131
-3630
8667
7857
7376
-3134
-1306
10418
-1256
6470
10634
7804
-2337
9792
-4882
-4577
9278
10871
3978
5068
-3067
-2163
2757
-2861
8188
6454
9949
5520
8174
9124
-3702
7151
-2711
8638
3553
-320
-3138
-4584
5874
-4651
-2737
-4825
3773
9170
10764
7471
1861
310
-4046
9461
8184
-1469
7007
2882
9689
5117
197
-2552
9059
9875
9016
-1443
-4062
862
8303
682
4008
4424
8839
-475
-4830
-3632
1482
644
-1849
3816
2740
-405
5744
-1524
6060
7207
-2164
3845
-1513
-3936
6710
9361
147
5640
-1119
-3287
10368
4695
-4813
-990
-4548
9852
6780
4206
9137
9421
9150
-4668
1680
-2239
1900
9834
7518
7645
-3783
10694
5296
3957
-3184
3259
53
-1396
6180
-1485
3825
1563
-2465
638
-4913
4093
2440
-930
-4903
-738
-350
-2596
8515
1784
-2803
2143
680
710
-4876
-1668
5652
-2449
2153
7312
3146
9924
4042
-3189
4543
7408
10343
9102
5093
-4947
-4891
9274
7726
1587
742
-3138
7377
7158
7138
954
-2872
9744
-4647
-826
-614
1276
9899
6217
8159
10758
8007
-4847
7168
9088
4100
800
1727
-4939
7500
-1718
10360
7843
2431
-3967
8997
8165
9493
7145
-1497
-914
8966
-719
-2874
-4357
-3224
673
-4755
-693
4568
7414
7747
-1142
3354
-3089
6235
-2674
6147
545
-4933
9667
10136
5392
8111
4197
6127
-1410
5307
-2440
4446
-4217
-4760
-1043
7125
-4634
10051
-4957
-1022
5530
-3284
5020
7743
7342
7757
3431
-1108
3925
1760
-4651
5011
-76
190
-4993
1556
6405
-2154
5981
10497
7642
-8
724
-759
-3650
6423
7513
9877
8451
844
3953
3825
-1194
-4130
4694
1709
-2792
-4481
-3969
-4797
8936
7707
-2364
3320
1540
-2353
84
3718
9939
9908
-4108
10108
-326
9317
7524
-4129
9529
3903
798
-4846
10031
-2330
-2872
3067
-3328
-2679
10209
9320
2778
231
3902
-2778
4562
3346
-3909
7676
10551
-1548
2346
9403
10016
7182
-243
5799
-1335
-1527
3341
2980
4637
6374
-2014
-1776
5395
10392
4244
9578
3004
2230
9510
7862
542
2314
-501
-2526
1596
-2739
5157
-4120
-394
9781
5990
2805
535
-3664
1173
844
-84
10348
-3528
-731
1173
-4457
10318
7259
855
10732
189
8580
3256
7535
907
-3103
1547
-4881
-3504
-4102
-3764
-4652
107
2306
9448
2205
5364
2945
10335
-1120
10865
6321
-3313
3222
5965
2855
3270
-39
10631
2230
3746
1642
2601
6419
3349
9784
7544
-4046
330
-607
2545
-3976
1321
-1486
-1422
-238
-2761
9523
7096
4259
3359
102
-1140
4510
2325
-2160
10549
3444
-293
-3278
-4936
-1682
6427
-1000
4800
-676
7553
-228
-4904
-401
9987
3108
984
7267
-3201
8042
9511
-2205
5768
-2306
7965
3238
9729
-1397
-4919
-1571
-3094
-4128
-1834
-2607
-3334
8234
2889
968
750
-1151
8557
3882
6305
-860
6671
4833
-4899
4868
-402
9862
-911
3462
4206
-3015
-4220
10373
-1268
4560
-3798
6294
3222
-2636
-4941
-4849
-1254
-119
1739
3916
1441
3598
-1345
-4310
9621
9794
6686
10837
9609
-1072
2818
1735
1689
8228
6188
9616
10799
1886
9813
6610
-3096
-1046
-4287
-1136
6103
-1427
10908
6440
1897
1506
5624
31
-1113
5894
10041
-4581
-3807
10352
1950
825
-86
6659
535
3701
707
8843
3795
1421
1492
5018
-4575
7917
10143
-195
6774
-385
10612
5582
-3639
6192
7975
-4316
2725
10921
-3005
-4489
-638
864
-1542
6265
460
-2090
-3873
8772
4678
920
851
9598
8722
-1658
6852
5173
-2031
-36
8852
10382
1128
10093
471
9887
1124
557
7490
-3045
1792
-3597
5599
-3155
-3901
-2690
6279
1830
-3250
-4554
-4085
7513
694
-1996
-1232
-4026
7185
1155
1510
5879
-949
-1879
3890
4008
-3900
-2846
1766
6955
-4846
7083
3229
-4726
-726
-3322
-4636
9325
-1246
-1796
3504
7230
1998
-1439
5016
9868
6289
-4268
324
6574
3573
6413
932
-601
-3462
-1317
-673
9426
-3280
7268
-884
54
-4095
9007
4132
-581
5970
-1045
-3914
2048
5322
-2076
-1571
3467
-3215
-4770
4463
-3677
9724
7040
3831
5881
2152
8748
-1819
-497
6852
10106
8453
-4269
7892
1148
5038
10891
8916
2500
-1349
8052
3611
5285
-3137
-83
1120
3775
9333
-4270
-4897
1971
3191
870
-1246
-4674
1583
9972
8593
-665
-4847
8693
-2094
5776
5002
1907
1626
820
7348
3440
5686
-3344
-1843
7425
6573
-4031
-4377
-194
2192
4753
-3358
8030
9285
-1682
1431
-4064
-4313
152
10325
8804
-2792
-1337
2577
1443
4171
6305
3161
5756
2407
-4847
1930
-4820
9804
-966
8002
6439
-3660
-1082
-873
3322
-4099
2021
-2165
5494
8134
-3824
9017
10517
6328
10007
7250
-3309
7718
9297
8779
8030
-4392
10170
-4137
7733
1829
29
-3438
6029
10816
-4947
10752
2351
6869
5818
8503
2344
340
10434
9303
7138
7564
1702
-4156
-4721
5499
-4930
-4469
7366
-284
-4718
10153
-4367
8737
-929
492
-3354
8124
-3360
5560
468
826
2893
-2576
-2463
6455
4904
941
7953
4920
9009
3120
4329
8894
3127
6943
4694
2582
1691
2795
-4919
502
2573
-3312
4771
-1202
-360
10114
-810
-1069
-2977
4835
9420
4962
1831
250
-508
-3962
-748
-4767
4734
-2986
6456
10877
9558
-1916
1226
-2893
433
7218
10674
1114
3808
2953
5837
-789
-2373
5126
1903
-4991
-2353
1300
7463
-4867
5309
1375
3902
-4089
4067
-3738
2954
2237
-460
850
8418
7079
9196
-4730
-4379
-2967
-3093
-3463
-3315
5311
-428
3650
10587
9379
7426
1776
10348
975
-3049
-4317
1084
4329
-1937
1240
-994
3838
-3006
10881
-4591
10408
3198
5847
1459
9748
8440
3695
-4587
-3287
-440
-1007
-78
5888
1520
-952
3644
-3557
7359
-4169
9622
-43
6390
10412
-4441
1301
2347